seq,pwm,rpm,thrust,voltage,current,watts,gpwatt
1,1000,0,0.00,16.83,0.82,13.76,0.000
2,1000,0,0.85,16.84,0.82,13.79,0.062
3,1002,0,1.02,16.84,0.82,13.74,0.074
4,1002,0,0.94,16.84,0.82,13.87,0.068
5,1004,0,0.98,16.84,0.82,13.84,0.071
6,1004,0,0.89,16.83,0.82,13.85,0.064
7,1006,0,0.80,16.84,0.82,13.74,0.058
8,1006,0,0.66,16.83,0.82,13.77,0.048
9,1008,0,0.84,16.83,0.81,13.70,0.062
10,1008,0,0.94,16.83,0.82,13.82,0.068
11,1010,0,0.98,16.83,0.82,13.74,0.072
12,1010,0,1.08,16.84,0.82,13.86,0.078
13,1012,0,0.97,16.84,0.82,13.87,0.070
14,1012,0,0.80,16.83,0.82,13.78,0.058
15,1014,0,0.82,16.83,0.82,13.84,0.059
16,1014,0,1.10,16.83,0.83,14.03,0.079
17,1016,0,1.08,16.83,0.84,14.13,0.076
18,1016,0,0.96,16.81,1.16,19.42,0.049
19,1018,0,1.31,16.81,1.81,30.43,0.043
20,1018,0,5.51,16.81,1.77,29.76,0.185
21,1020,0,8.27,16.81,1.53,25.69,0.322
22,1020,0,12.27,16.81,1.34,22.45,0.546
23,1022,0,14.91,16.81,1.26,21.19,0.704
24,1022,0,16.20,16.82,1.22,20.45,0.792
25,1024,0,18.24,16.82,1.16,19.47,0.937
26,1024,0,19.92,16.82,1.13,18.94,1.052
27,1026,0,21.74,16.82,1.10,18.47,1.177
28,1026,0,22.45,16.82,1.07,18.02,1.246
29,1028,0,22.76,16.82,1.06,17.78,1.280
30,1028,0,23.04,16.82,1.06,17.90,1.287
31,1030,0,23.24,16.82,1.07,17.97,1.293
32,1030,0,23.75,16.82,1.07,17.99,1.320
33,1032,4028,24.23,16.82,1.07,18.01,1.346
34,1032,4088,24.45,16.82,1.06,17.86,1.369
35,1034,4148,24.81,16.82,1.07,17.94,1.383
36,1034,4200,25.05,16.82,1.07,18.05,1.388
37,1036,4242,25.34,16.82,1.07,17.95,1.411
38,1036,4268,25.66,16.82,1.09,18.26,1.405
39,1038,4311,26.16,16.82,1.09,18.31,1.429
40,1038,4345,26.62,16.82,1.09,18.26,1.457
41,1040,4380,26.94,16.82,1.10,18.52,1.455
42,1040,4422,27.42,16.82,1.10,18.56,1.477
43,1042,4465,27.65,16.82,1.10,18.52,1.493
44,1042,4508,28.24,16.82,1.12,18.80,1.502
45,1044,4551,28.82,16.82,1.11,18.65,1.545
46,1044,4594,29.17,16.82,1.10,18.45,1.581
47,1046,4637,29.70,16.82,1.09,18.35,1.619
48,1046,4671,29.98,16.82,1.13,18.93,1.584
49,1048,4714,30.42,16.82,1.13,19.07,1.595
50,1048,4740,30.95,16.82,1.13,19.07,1.623
51,1050,4774,31.46,16.82,1.13,18.98,1.658
52,1050,4800,32.16,16.82,1.13,19.01,1.692
53,1052,4834,32.26,16.81,1.14,19.18,1.682
54,1052,4860,32.59,16.81,1.15,19.36,1.683
55,1054,4894,33.25,16.82,1.15,19.36,1.717
56,1054,4920,33.50,16.82,1.14,19.19,1.746
57,1056,4962,33.94,16.82,1.15,19.40,1.750
58,1056,4997,34.61,16.82,1.16,19.53,1.772
59,1058,5048,34.88,16.82,1.15,19.41,1.796
60,1058,5074,35.11,16.82,1.16,19.53,1.797
61,1060,5117,35.70,16.81,1.17,19.71,1.812
62,1060,5151,36.00,16.82,1.17,19.74,1.824
63,1062,5185,36.81,16.82,1.19,19.94,1.845
64,1062,5228,37.36,16.81,1.19,20.04,1.864
65,1064,5254,38.05,16.82,1.18,19.91,1.911
66,1064,5288,38.08,16.82,1.19,20.01,1.903
67,1066,5314,38.27,16.81,1.20,20.10,1.904
68,1066,5348,38.78,16.81,1.20,20.20,1.920
69,1068,5374,39.06,16.82,1.20,20.15,1.938
70,1068,5408,39.28,16.81,1.21,20.32,1.933
71,1070,5442,39.48,16.81,1.22,20.51,1.926
72,1070,5485,40.07,16.81,1.21,20.42,1.962
73,1072,5511,40.51,16.81,1.21,20.43,1.983
74,1072,5545,40.45,16.81,1.22,20.55,1.968
75,1074,5580,40.55,16.82,1.23,20.62,1.967
76,1074,5614,40.78,16.82,1.24,20.79,1.962
77,1076,5640,41.35,16.82,1.24,20.90,1.978
78,1076,5674,41.70,16.82,1.24,20.79,2.005
79,1078,5708,42.14,16.81,1.24,20.87,2.020
80,1078,5742,42.44,16.82,1.25,21.03,2.018
81,1080,5777,42.74,16.81,1.26,21.25,2.011
82,1080,5820,43.30,16.82,1.29,21.74,1.991
83,1082,5854,44.17,16.82,1.27,21.40,2.064
84,1082,5897,45.45,16.81,1.27,21.42,2.122
85,1084,5940,45.90,16.81,1.28,21.55,2.130
86,1084,5974,46.00,16.81,1.30,21.88,2.102
87,1086,6008,47.05,16.81,1.28,21.56,2.182
88,1086,6042,47.83,16.81,1.29,21.71,2.203
89,1088,6068,48.16,16.81,1.30,21.86,2.203
90,1088,6102,48.80,16.81,1.31,21.97,2.222
91,1090,6137,49.41,16.81,1.31,22.05,2.240
92,1090,6171,49.54,16.82,1.33,22.33,2.218
93,1092,6205,50.16,16.81,1.33,22.37,2.243
94,1092,6231,50.59,16.82,1.33,22.28,2.271
95,1094,6265,50.98,16.82,1.34,22.51,2.265
96,1094,6308,51.45,16.81,1.34,22.54,2.283
97,1096,6334,52.07,16.81,1.33,22.29,2.336
98,1096,6368,52.34,16.81,1.35,22.62,2.313
99,1098,6402,52.74,16.81,1.36,22.81,2.313
100,1098,6428,53.42,16.81,1.37,22.97,2.325
101,1100,6471,53.81,16.81,1.37,23.05,2.334
102,1100,6514,54.17,16.81,1.37,23.10,2.345
103,1102,6548,54.78,16.81,1.37,23.11,2.370
104,1102,6574,55.44,16.81,1.38,23.23,2.387
105,1104,6600,55.89,16.81,1.38,23.23,2.406
106,1104,6625,56.55,16.81,1.39,23.36,2.421
107,1106,6651,56.95,16.81,1.39,23.44,2.430
108,1106,6677,57.37,16.81,1.42,23.79,2.412
109,1108,6711,57.89,16.81,1.41,23.64,2.449
110,1108,6745,58.25,16.81,1.42,23.91,2.437
111,1110,6780,58.98,16.81,1.42,23.83,2.475
112,1110,6814,59.32,16.81,1.43,24.00,2.472
113,1112,6848,59.88,16.81,1.42,23.90,2.506
114,1112,6882,60.27,16.81,1.46,24.50,2.460
115,1114,6925,60.77,16.81,1.46,24.55,2.475
116,1114,6960,61.73,16.81,1.45,24.35,2.535
117,1116,7002,62.42,16.81,1.44,24.30,2.569
118,1116,7028,62.94,16.81,1.47,24.69,2.549
119,1118,7054,63.17,16.81,1.45,24.37,2.593
120,1118,7071,63.67,16.81,1.47,24.63,2.585
121,1120,7097,64.09,16.81,1.46,24.55,2.611
122,1120,7122,64.44,16.81,1.47,24.69,2.611
123,1122,7157,64.84,16.81,1.48,24.95,2.599
124,1122,7182,65.40,16.81,1.49,25.04,2.612
125,1124,7208,65.91,16.81,1.48,24.86,2.651
126,1124,7225,66.45,16.81,1.51,25.34,2.622
127,1126,7251,66.83,16.81,1.48,24.91,2.682
128,1126,7285,67.64,16.81,1.49,24.99,2.706
129,1128,7328,67.55,16.81,1.51,25.38,2.661
130,1128,7354,67.79,16.81,1.51,25.32,2.677
131,1130,7371,68.31,16.81,1.52,25.55,2.674
132,1130,7405,69.03,16.81,1.52,25.57,2.700
133,1132,7431,69.72,16.81,1.52,25.59,2.725
134,1132,7457,70.88,16.81,1.53,25.70,2.758
135,1134,7482,71.47,16.81,1.55,26.04,2.745
136,1134,7525,71.88,16.81,1.56,26.19,2.744
137,1136,7560,72.62,16.81,1.55,26.11,2.782
138,1136,7602,73.42,16.81,1.57,26.44,2.777
139,1138,7628,74.36,16.81,1.54,25.93,2.868
140,1138,7654,74.81,16.81,1.56,26.26,2.849
141,1140,7688,75.65,16.81,1.57,26.43,2.862
142,1140,7722,76.02,16.81,1.59,26.69,2.848
143,1142,7757,76.38,16.81,1.59,26.74,2.856
144,1142,7782,76.87,16.81,1.59,26.72,2.877
145,1144,7808,77.11,16.81,1.61,27.06,2.850
146,1144,7842,77.60,16.81,1.62,27.23,2.850
147,1146,7877,77.75,16.81,1.62,27.25,2.854
148,1146,7920,78.50,16.81,1.62,27.30,2.876
149,1148,7954,78.66,16.81,1.63,27.36,2.876
150,1148,7997,78.66,16.81,1.65,27.79,2.830
151,1150,8022,78.68,16.81,1.64,27.49,2.862
152,1150,8074,79.34,16.81,1.65,27.81,2.853
153,1152,8091,79.97,16.81,1.64,27.63,2.894
154,1152,8134,80.72,16.81,1.65,27.82,2.902
155,1154,8160,81.78,16.81,1.68,28.23,2.897
156,1154,8185,82.50,16.81,1.69,28.35,2.910
157,1156,8202,83.27,16.81,1.68,28.29,2.944
158,1156,8228,83.80,16.81,1.68,28.26,2.966
159,1158,8262,84.22,16.81,1.70,28.52,2.953
160,1158,8288,85.05,16.81,1.70,28.60,2.973
161,1160,8322,85.90,16.81,1.71,28.76,2.987
162,1160,8374,87.04,16.80,1.74,29.29,2.972
163,1162,8417,87.56,16.80,1.76,29.55,2.963
164,1162,8460,88.66,16.80,1.74,29.22,3.035
165,1164,8494,89.81,16.81,1.72,28.95,3.102
166,1164,8511,90.53,16.81,1.77,29.67,3.052
167,1166,8537,91.25,16.81,1.77,29.70,3.072
168,1166,8580,92.18,16.81,1.77,29.80,3.094
169,1168,8614,92.84,16.80,1.78,29.90,3.105
170,1168,8640,93.43,16.80,1.78,29.89,3.126
171,1170,8657,93.89,16.80,1.79,30.10,3.119
172,1170,8691,94.50,16.81,1.82,30.60,3.088
173,1172,8734,94.84,16.81,1.83,30.81,3.078
174,1172,8785,95.68,16.80,1.86,31.19,3.068
175,1174,8845,96.72,16.80,1.84,30.85,3.135
176,1174,8880,97.51,16.80,1.85,31.06,3.139
177,1176,8914,98.22,16.80,1.87,31.39,3.129
178,1176,8965,98.94,16.81,1.89,31.79,3.112
179,1178,9000,100.11,16.80,1.87,31.42,3.186
180,1178,9025,101.49,16.81,1.89,31.77,3.195
181,1180,9060,102.16,16.80,1.92,32.31,3.162
182,1180,9085,102.74,16.80,1.94,32.62,3.150
183,1182,9128,104.14,16.80,1.95,32.71,3.184
184,1182,9171,105.31,16.80,1.97,33.08,3.183
185,1184,9231,106.07,16.80,1.95,32.84,3.230
186,1184,9282,107.19,16.80,1.96,32.90,3.258
187,1186,9325,107.47,16.81,1.95,32.78,3.278
188,1186,9360,108.60,16.80,1.97,33.12,3.279
189,1188,9402,109.04,16.80,1.98,33.33,3.272
190,1188,9445,109.99,16.80,2.01,33.83,3.251
191,1190,9471,110.89,16.80,2.02,34.01,3.261
192,1190,9505,111.88,16.80,2.01,33.70,3.320
193,1192,9540,112.50,16.80,2.00,33.53,3.355
194,1192,9574,112.94,16.80,2.03,34.15,3.307
195,1194,9617,113.63,16.80,2.04,34.25,3.318
196,1194,9634,114.18,16.80,2.04,34.28,3.330
197,1196,9668,114.70,16.80,2.04,34.22,3.352
198,1196,9694,115.78,16.81,2.06,34.55,3.351
199,1198,9720,115.91,16.80,2.05,34.47,3.363
200,1198,9737,116.13,16.80,2.09,35.09,3.310
201,1200,9745,116.75,16.80,2.11,35.43,3.295
202,1200,9788,117.67,16.80,2.09,35.13,3.349
203,1202,9814,118.50,16.80,2.10,35.27,3.359
204,1202,9857,119.05,16.80,2.12,35.70,3.335
205,1204,9900,119.85,16.80,2.14,36.01,3.328
206,1204,9934,120.58,16.80,2.15,36.09,3.341
207,1206,9960,121.03,16.80,2.14,35.93,3.368
208,1206,10002,122.06,16.80,2.15,36.14,3.378
209,1208,10045,122.38,16.80,2.15,36.08,3.391
210,1208,10080,123.16,16.80,2.18,36.58,3.367
211,1210,10114,123.89,16.80,2.16,36.30,3.413
212,1210,10140,124.91,16.80,2.23,37.54,3.327
213,1212,10174,125.62,16.80,2.21,37.08,3.388
214,1212,10200,126.64,16.80,2.23,37.39,3.387
215,1214,10225,126.94,16.80,2.22,37.24,3.409
216,1214,10260,127.85,16.80,2.24,37.56,3.404
217,1216,10294,128.51,16.80,2.22,37.25,3.450
218,1216,10320,128.96,16.80,2.23,37.55,3.435
219,1218,10362,129.36,16.80,2.27,38.11,3.395
220,1218,10388,130.08,16.80,2.32,38.90,3.344
221,1220,10422,131.03,16.80,2.31,38.74,3.382
222,1220,10482,132.11,16.80,2.32,39.04,3.384
223,1222,10517,133.00,16.80,2.31,38.88,3.421
224,1222,10551,134.38,16.80,2.33,39.15,3.433
225,1224,10585,134.98,16.80,2.33,39.13,3.450
226,1224,10637,136.07,16.79,2.37,39.84,3.416
227,1226,10662,137.03,16.80,2.41,40.50,3.383
228,1226,10705,138.06,16.80,2.42,40.57,3.403
229,1228,10740,139.12,16.79,2.41,40.52,3.433
230,1228,10842,140.27,16.80,2.45,41.11,3.412
231,1230,10868,141.84,16.80,2.42,40.69,3.486
232,1230,10902,142.67,16.80,2.44,40.90,3.488
233,1232,10911,143.70,16.80,2.45,41.08,3.498
234,1232,10928,144.25,16.80,2.45,41.18,3.503
235,1234,10937,144.99,16.80,2.46,41.33,3.508
236,1234,10988,145.63,16.80,2.47,41.44,3.514
237,1236,10997,146.03,16.79,2.49,41.87,3.488
238,1236,11005,146.97,16.79,2.50,42.03,3.497
239,1238,11040,147.59,16.79,2.50,41.95,3.518
240,1238,11065,148.66,16.80,2.50,42.07,3.533
241,1240,11074,149.56,16.79,2.52,42.34,3.532
242,1240,11100,150.21,16.80,2.54,42.65,3.522
243,1242,11125,150.38,16.79,2.58,43.41,3.464
244,1242,11142,151.06,16.79,2.57,43.09,3.505
245,1244,11142,152.81,16.79,2.57,43.09,3.546
246,1244,11142,153.19,16.79,2.57,43.12,3.552
247,1246,11168,153.96,16.79,2.58,43.36,3.551
248,1246,11168,154.46,16.79,2.59,43.43,3.557
249,1248,11177,155.33,16.79,2.60,43.65,3.559
250,1248,11194,155.70,16.79,2.59,43.57,3.574
251,1250,11202,156.28,16.79,2.63,44.14,3.540
252,1250,11220,156.95,16.79,2.62,44.06,3.562
253,1252,11220,157.93,16.79,2.64,44.29,3.566
254,1252,11220,158.39,16.79,2.68,44.94,3.524
255,1254,11262,159.17,16.79,2.67,44.81,3.552
256,1254,11271,160.20,16.79,2.66,44.70,3.584
257,1256,11331,160.56,16.79,2.67,44.78,3.586
258,1256,11597,161.05,16.79,2.73,45.84,3.513
259,1258,11648,161.96,16.79,2.70,45.39,3.568
260,1258,11648,162.65,16.79,2.72,45.66,3.562
261,1260,11665,163.76,16.80,2.69,45.13,3.629
262,1260,11708,163.94,16.79,2.71,45.48,3.604
263,1262,11734,164.28,16.79,2.70,45.30,3.626
264,1262,11742,164.88,16.79,2.74,46.08,3.578
265,1264,11742,165.38,16.79,2.74,46.07,3.590
266,1264,11742,166.00,16.79,2.79,46.76,3.550
267,1266,11742,166.46,16.79,2.79,46.80,3.557
268,1266,11751,167.15,16.79,2.79,46.81,3.571
269,1268,11794,168.55,16.79,2.80,47.00,3.586
270,1268,11828,169.53,16.79,2.81,47.23,3.589
271,1270,11837,170.23,16.79,2.79,46.90,3.630
272,1270,11837,170.55,16.79,2.82,47.37,3.600
273,1272,11837,170.85,16.79,2.82,47.38,3.606
274,1272,11837,171.73,16.79,2.82,47.35,3.626
275,1274,11837,172.30,16.79,2.82,47.28,3.644
276,1274,11837,172.53,16.79,2.84,47.74,3.614
277,1276,11837,172.78,16.79,2.87,48.20,3.585
278,1276,11871,173.48,16.79,2.86,47.93,3.619
279,1278,11880,174.25,16.79,2.86,48.05,3.626
280,1278,12034,174.72,16.79,2.90,48.74,3.585
281,1280,12077,175.22,16.78,2.90,48.63,3.603
282,1280,12085,175.98,16.79,2.91,48.87,3.601
283,1282,12094,176.88,16.79,2.91,48.89,3.618
284,1282,12094,177.36,16.79,2.92,48.99,3.621
285,1284,12094,178.00,16.79,2.95,49.56,3.592
286,1284,12154,178.66,16.79,2.95,49.54,3.606
287,1286,12197,179.62,16.79,2.97,49.80,3.607
288,1286,12222,180.50,16.79,2.94,49.38,3.656
289,1288,12222,181.02,16.78,2.94,49.26,3.675
290,1288,12274,181.14,16.79,2.96,49.66,3.647
291,1290,12300,181.12,16.78,2.99,50.17,3.610
292,1290,12300,181.87,16.78,2.99,50.16,3.626
293,1292,12300,182.81,16.79,3.00,50.37,3.630
294,1292,12300,183.11,16.78,3.02,50.62,3.617
295,1294,12342,184.30,16.79,2.98,49.97,3.688
296,1294,12360,184.31,16.78,3.00,50.28,3.666
297,1296,12360,184.38,16.78,3.04,51.01,3.615
298,1296,12360,184.78,16.78,3.07,51.45,3.592
299,1298,12360,185.87,16.78,3.03,50.80,3.658
300,1298,12360,186.57,16.78,3.02,50.73,3.678
301,1300,12360,186.89,16.78,3.03,50.86,3.675
302,1300,12360,187.27,16.79,3.03,50.90,3.679
303,1302,12360,187.22,16.78,3.04,51.10,3.664
304,1302,12360,187.04,16.78,3.08,51.67,3.620
305,1304,12428,187.61,16.78,3.04,50.98,3.680
306,1304,12480,188.16,16.78,3.25,54.52,3.452
307,1306,12522,188.98,16.78,3.04,51.09,3.699
308,1306,12557,191.42,16.78,3.13,52.46,3.649
309,1308,12608,190.78,16.78,3.11,52.26,3.650
310,1308,12634,191.35,16.78,3.06,51.33,3.728
311,1310,12642,191.15,16.78,3.09,51.90,3.683
312,1310,12668,191.20,16.78,3.08,51.73,3.696
313,1312,12677,191.31,16.78,3.08,51.71,3.700
314,1312,12694,191.03,16.78,3.05,51.27,3.726
315,1314,12728,191.26,16.78,3.09,51.82,3.691
316,1314,12745,191.64,16.78,3.10,52.06,3.681
317,1316,12754,191.30,16.78,3.09,51.84,3.690
318,1316,12754,191.68,16.78,3.05,51.22,3.742
319,1318,12762,191.62,16.78,3.10,52.04,3.682
320,1318,12788,191.27,16.78,3.20,53.76,3.558
321,1320,12788,191.98,16.78,3.21,53.94,3.559
322,1320,12831,193.26,16.78,3.17,53.26,3.629
323,1322,12831,194.56,16.78,3.12,52.29,3.721
324,1322,12831,194.60,16.78,3.13,52.51,3.706
325,1324,12831,194.72,16.78,3.21,53.78,3.620
326,1324,12831,194.84,16.78,3.30,55.30,3.524
327,1326,12840,196.50,16.78,3.30,55.42,3.546
328,1326,12840,198.00,16.78,3.28,55.10,3.594
329,1328,12882,199.37,16.78,3.28,55.06,3.621
330,1328,12985,200.30,16.77,3.31,55.49,3.610
331,1330,13071,200.86,16.78,3.29,55.17,3.641
332,1330,13088,202.03,16.78,3.27,54.91,3.679
333,1332,13097,202.25,16.78,3.30,55.44,3.648
334,1332,13131,202.41,16.78,3.35,56.22,3.600
335,1334,13140,202.95,16.78,3.35,56.23,3.609
336,1334,13157,204.30,16.77,3.36,56.38,3.624
337,1336,13182,205.75,16.77,3.35,56.25,3.657
338,1336,13182,206.06,16.78,3.37,56.52,3.646
339,1338,13208,206.59,16.78,3.41,57.28,3.607
340,1338,13225,207.63,16.77,3.45,57.87,3.588
341,1340,13242,208.87,16.77,3.44,57.63,3.624
342,1340,13260,210.13,16.77,3.43,57.58,3.649
343,1342,13285,210.74,16.77,3.44,57.76,3.648
344,1342,13285,210.88,16.77,3.43,57.61,3.660
345,1344,13320,211.55,16.78,3.44,57.71,3.666
346,1344,13362,212.35,16.77,3.45,57.90,3.668
347,1346,13405,212.99,16.77,3.47,58.15,3.663
348,1346,13465,213.59,16.77,3.48,58.34,3.661
349,1348,13482,214.15,16.77,3.50,58.67,3.650
350,1348,13525,214.58,16.77,3.55,59.48,3.608
351,1350,13560,215.40,16.77,3.52,59.09,3.645
352,1350,13560,216.73,16.77,3.58,60.01,3.611
353,1352,13560,217.99,16.77,3.60,60.36,3.612
354,1352,13585,218.82,16.77,3.62,60.67,3.607
355,1354,13585,219.74,16.77,3.60,60.37,3.640
356,1354,13628,220.51,16.77,3.60,60.39,3.651
357,1356,13671,221.19,16.77,3.59,60.16,3.677
358,1356,13731,221.84,16.77,3.62,60.70,3.655
359,1358,13748,222.15,16.77,3.70,62.07,3.579
360,1358,13860,223.48,16.77,3.73,62.49,3.576
361,1360,13920,225.80,16.77,3.66,61.33,3.682
362,1360,13894,226.21,16.77,3.67,61.45,3.681
363,1362,13860,225.92,16.77,3.68,61.73,3.660
364,1362,13877,226.45,16.77,3.72,62.44,3.626
365,1364,13877,227.08,16.77,3.73,62.59,3.628
366,1364,13911,228.53,16.77,3.75,62.79,3.639
367,1366,13937,229.26,16.77,3.76,62.98,3.640
368,1366,13945,230.17,16.77,3.77,63.30,3.636
369,1368,13954,231.20,16.77,3.77,63.17,3.660
370,1368,13971,231.57,16.77,3.82,63.99,3.619
371,1370,13988,231.94,16.77,3.83,64.27,3.609
372,1370,14005,233.37,16.77,3.83,64.31,3.629
373,1372,14048,234.91,16.77,3.85,64.63,3.635
374,1372,14057,235.48,16.77,3.88,65.02,3.622
375,1374,14082,236.71,16.77,3.87,64.95,3.645
376,1374,14117,237.52,16.77,3.86,64.78,3.667
377,1376,14125,237.88,16.76,3.88,65.02,3.658
378,1376,14185,238.46,16.76,3.90,65.35,3.649
379,1378,14185,239.05,16.77,3.89,65.30,3.661
380,1378,14202,240.01,16.77,3.92,65.75,3.651
381,1380,14194,240.38,16.76,3.93,65.92,3.646
382,1380,14271,241.35,16.77,3.96,66.38,3.636
383,1382,14340,241.98,16.76,3.96,66.33,3.648
384,1382,14348,242.79,16.77,3.98,66.77,3.636
385,1384,14365,243.39,16.76,3.99,66.81,3.643
386,1384,14348,244.19,16.76,4.04,67.72,3.606
387,1386,14357,245.00,16.77,3.96,66.45,3.687
388,1386,14374,245.65,16.77,4.05,67.98,3.613
389,1388,14391,246.78,16.77,4.05,67.95,3.632
390,1388,14442,248.05,16.76,4.06,68.11,3.642
391,1390,14545,248.68,16.76,4.08,68.38,3.637
392,1390,14537,249.37,16.77,4.09,68.50,3.640
393,1392,14597,249.78,16.76,4.07,68.28,3.658
394,1392,14614,250.41,16.76,4.12,69.01,3.628
395,1394,14648,251.07,16.76,4.11,68.94,3.642
396,1394,14665,252.04,16.76,4.14,69.42,3.631
397,1396,14665,252.62,16.76,4.14,69.33,3.644
398,1396,14665,253.16,16.76,4.14,69.46,3.645
399,1398,14682,253.37,16.76,4.18,70.03,3.618
400,1398,14717,254.12,16.76,4.21,70.66,3.596
401,1400,14717,255.76,16.76,4.20,70.42,3.632
402,1400,14802,256.47,16.76,4.21,70.63,3.631
403,1402,14854,257.20,16.76,4.21,70.54,3.646
404,1402,14880,257.94,16.76,4.24,71.00,3.633
405,1404,14871,258.44,16.76,4.24,71.11,3.634
406,1404,14862,259.01,16.76,4.25,71.31,3.632
407,1406,14914,259.37,16.76,4.27,71.62,3.622
408,1406,14948,260.63,16.76,4.26,71.32,3.654
409,1408,14974,261.09,16.76,4.29,71.94,3.629
410,1408,14982,261.92,16.76,4.33,72.60,3.608
411,1410,15025,262.81,16.76,4.33,72.55,3.622
412,1410,15025,263.55,16.76,4.35,72.94,3.613
413,1412,15042,264.19,16.76,4.37,73.21,3.608
414,1412,15077,265.17,16.76,4.39,73.53,3.606
415,1414,15102,266.39,16.76,4.38,73.46,3.627
416,1414,15120,266.89,16.76,4.40,73.77,3.618
417,1416,15205,267.92,16.76,4.42,74.06,3.618
418,1416,15248,268.65,16.76,4.43,74.24,3.619
419,1418,15291,269.48,16.75,4.41,73.85,3.649
420,1418,15274,270.00,16.75,4.40,73.74,3.662
421,1420,15300,270.34,16.76,4.40,73.70,3.668
422,1420,15291,270.65,16.75,4.42,73.98,3.658
423,1422,15308,270.94,16.76,4.44,74.41,3.641
424,1422,15317,271.91,16.75,4.51,75.52,3.600
425,1424,15385,272.88,16.75,4.54,75.97,3.592
426,1424,15402,273.87,16.75,4.55,76.19,3.594
427,1426,15437,274.76,16.75,4.55,76.24,3.604
428,1426,15445,275.70,16.75,4.59,76.90,3.585
429,1428,15462,277.06,16.75,4.59,76.94,3.601
430,1428,15497,277.78,16.75,4.62,77.39,3.589
431,1430,15522,279.07,16.75,4.62,77.40,3.606
432,1430,15540,279.56,16.75,4.64,77.74,3.596
433,1432,15565,280.31,16.75,4.64,77.71,3.607
434,1432,15608,281.13,16.75,4.66,78.12,3.599
435,1434,15617,282.06,16.75,4.66,78.09,3.612
436,1434,15625,282.72,16.75,4.72,79.09,3.575
437,1436,15642,283.98,16.75,4.72,79.07,3.591
438,1436,15660,285.17,16.75,4.74,79.36,3.594
439,1438,15685,286.23,16.75,4.73,79.16,3.616
440,1438,15677,286.82,16.75,4.74,79.37,3.614
441,1440,15728,287.46,16.75,4.76,79.67,3.608
442,1440,15745,288.26,16.75,4.79,80.26,3.592
443,1442,15762,288.84,16.75,4.81,80.60,3.584
444,1442,15797,289.87,16.75,4.84,80.99,3.579
445,1444,15822,291.28,16.75,4.84,81.01,3.596
446,1444,15857,292.19,16.75,4.83,80.87,3.613
447,1446,15874,292.62,16.75,4.84,81.03,3.611
448,1446,15865,292.89,16.74,4.88,81.71,3.585
449,1448,15857,293.75,16.74,4.89,81.95,3.584
450,1448,15874,294.75,16.75,4.92,82.31,3.581
451,1450,15900,295.90,16.75,4.93,82.55,3.585
452,1450,16011,297.33,16.74,4.95,82.92,3.585
453,1452,16088,298.13,16.74,4.92,82.33,3.621
454,1452,16054,298.44,16.75,4.94,82.73,3.608
455,1454,16020,298.39,16.75,4.99,83.53,3.572
456,1454,15994,299.27,16.74,5.00,83.67,3.577
457,1456,15985,300.44,16.75,5.01,83.97,3.578
458,1456,16037,301.84,16.74,5.04,84.35,3.578
459,1458,16071,302.90,16.74,5.06,84.66,3.578
460,1458,16165,303.69,16.74,5.09,85.15,3.566
461,1460,16165,304.27,16.74,5.08,85.01,3.579
462,1460,16182,305.25,16.74,5.10,85.46,3.572
463,1462,16208,306.37,16.74,5.08,85.05,3.602
464,1462,16225,307.22,16.74,5.11,85.50,3.593
465,1464,16311,307.56,16.74,5.14,86.01,3.576
466,1464,16302,308.66,16.74,5.18,86.73,3.559
467,1466,16294,309.29,16.74,5.19,86.84,3.562
468,1466,16302,310.77,16.74,5.20,87.00,3.572
469,1468,16302,311.37,16.74,5.20,86.97,3.580
470,1468,16422,312.01,16.74,5.22,87.46,3.567
471,1470,16414,312.94,16.74,5.22,87.43,3.579
472,1470,16422,313.78,16.74,5.21,87.31,3.594
473,1472,16448,314.42,16.74,5.25,87.81,3.581
474,1472,16474,315.04,16.74,5.27,88.17,3.573
475,1474,16508,315.65,16.74,5.28,88.29,3.575
476,1474,16508,316.38,16.74,5.30,88.66,3.569
477,1476,16542,316.93,16.74,5.31,88.86,3.567
478,1476,16577,317.88,16.74,5.31,88.93,3.575
479,1478,16620,318.90,16.74,5.33,89.23,3.574
480,1478,16637,319.37,16.74,5.35,89.52,3.568
481,1480,16637,320.22,16.74,5.35,89.54,3.576
482,1480,16662,320.84,16.74,5.39,90.17,3.558
483,1482,16671,321.49,16.74,5.38,90.04,3.570
484,1482,16714,322.15,16.73,5.39,90.22,3.571
485,1484,16714,322.51,16.74,5.40,90.39,3.568
486,1484,16757,323.62,16.74,5.43,90.86,3.562
487,1486,16782,324.46,16.73,5.45,91.16,3.559
488,1486,16808,325.62,16.73,5.46,91.38,3.563
489,1488,16834,326.51,16.73,5.45,91.11,3.584
490,1488,16860,327.05,16.74,5.44,91.10,3.590
491,1490,16877,327.38,16.73,5.47,91.54,3.576
492,1490,16911,327.69,16.73,5.70,95.35,3.437
493,1492,16971,329.12,16.74,5.57,93.25,3.529
494,1492,16962,331.91,16.73,5.49,91.94,3.610
495,1494,16954,330.97,16.73,5.46,91.42,3.620
496,1494,16945,330.73,16.73,5.52,92.32,3.582
497,1496,16962,330.79,16.73,5.52,92.43,3.579
498,1496,16962,331.50,16.73,5.47,91.47,3.624
499,1498,16988,331.38,16.73,5.55,92.92,3.566
500,1498,17031,331.24,16.73,5.56,93.11,3.558
501,1500,17057,332.37,16.73,5.58,93.38,3.559
502,1500,17091,333.27,16.73,5.57,93.25,3.574
503,1502,17108,333.92,16.74,5.57,93.27,3.580
504,1502,17125,334.26,16.73,5.55,92.90,3.598
505,1504,17160,334.67,16.73,5.65,94.50,3.541
506,1504,17202,334.92,16.73,5.63,94.21,3.555
507,1506,17220,335.65,16.73,5.60,93.70,3.582
508,1506,17245,335.96,16.73,5.60,93.67,3.587
509,1508,17245,336.43,16.73,5.63,94.22,3.571
510,1508,17254,336.70,16.73,5.70,95.35,3.531
511,1510,17271,337.44,16.73,5.81,97.20,3.472
512,1510,17297,338.89,16.73,5.86,97.99,3.458
513,1512,17340,341.07,16.73,5.87,98.26,3.471
514,1512,17357,343.75,16.73,5.88,98.42,3.493
515,1514,17391,345.40,16.73,5.89,98.56,3.504
516,1514,17391,346.88,16.73,5.87,98.16,3.534
517,1516,17417,347.50,16.73,5.88,98.32,3.534
518,1516,17434,347.92,16.73,5.89,98.57,3.530
519,1518,17460,348.85,16.73,5.92,99.03,3.522
520,1518,17494,349.44,16.73,5.95,99.51,3.512
521,1520,17528,350.37,16.73,5.95,99.54,3.520
522,1520,17537,352.02,16.72,5.95,99.49,3.538
523,1522,17528,353.08,16.72,5.97,99.81,3.538
524,1522,17562,353.35,16.72,5.99,100.11,3.530
525,1524,17562,354.12,16.73,6.00,100.43,3.526
526,1524,17631,354.82,16.72,6.04,100.92,3.516
527,1526,17657,355.41,16.72,6.01,100.53,3.535
528,1526,17631,356.70,16.72,6.02,100.62,3.545
529,1528,17665,357.00,16.72,6.04,101.03,3.534
530,1528,17674,357.50,16.72,6.06,101.34,3.528
531,1530,17734,358.66,16.72,6.07,101.45,3.535
532,1530,17760,359.05,16.72,6.09,101.83,3.526
533,1532,17777,359.57,16.72,6.11,102.14,3.520
534,1532,17785,360.36,16.72,6.15,102.84,3.504
535,1534,17811,361.39,16.72,6.15,102.84,3.514
536,1534,17820,362.80,16.72,6.18,103.33,3.511
537,1536,17845,363.84,16.72,6.20,103.71,3.508
538,1536,17871,364.88,16.72,6.21,103.88,3.513
539,1538,17897,365.84,16.72,6.20,103.72,3.527
540,1538,17905,366.37,16.72,6.21,103.82,3.529
541,1540,17931,366.68,16.72,6.23,104.22,3.518
542,1540,17905,366.87,16.72,6.29,105.06,3.492
543,1542,17974,367.75,16.72,6.29,105.09,3.499
544,1542,18000,369.27,16.72,6.24,104.38,3.538
545,1544,17982,369.98,16.72,6.24,104.29,3.548
546,1544,17982,369.90,16.72,6.25,104.41,3.543
547,1546,17965,369.81,16.72,6.29,105.15,3.517
548,1546,17982,370.26,16.72,6.32,105.69,3.503
549,1548,17991,371.07,16.72,6.37,106.56,3.482
550,1548,18034,372.12,16.71,6.40,106.90,3.481
551,1550,18068,373.41,16.72,6.38,106.59,3.503
552,1550,18094,374.23,16.72,6.41,107.13,3.493
553,1552,18137,375.06,16.71,6.43,107.44,3.491
554,1552,18188,375.99,16.71,6.48,108.31,3.472
555,1554,18222,376.76,16.71,6.46,107.94,3.490
556,1554,18214,378.19,16.72,6.49,108.45,3.487
557,1556,18231,379.19,16.71,6.51,108.83,3.484
558,1556,18248,380.35,16.71,6.51,108.80,3.496
559,1558,18317,381.02,16.71,6.53,109.13,3.492
560,1558,18342,381.30,16.71,6.55,109.52,3.481
561,1560,18317,381.98,16.71,6.56,109.70,3.482
562,1560,18325,382.72,16.71,6.55,109.52,3.495
563,1562,18342,383.48,16.71,6.56,109.71,3.495
564,1562,18351,383.71,16.71,6.56,109.58,3.502
565,1564,18342,384.22,16.71,6.60,110.32,3.483
566,1564,18385,384.96,16.71,6.63,110.78,3.475
567,1566,18402,385.81,16.71,6.65,111.19,3.470
568,1566,18437,386.71,16.71,6.65,111.06,3.482
569,1568,18462,387.58,16.71,6.69,111.85,3.465
570,1568,18445,387.98,16.71,6.71,112.15,3.459
571,1570,18480,389.55,16.71,6.75,112.71,3.456
572,1570,18522,390.39,16.71,6.75,112.77,3.462
573,1572,18548,391.58,16.71,6.77,113.07,3.463
574,1572,18557,392.26,16.71,6.76,113.03,3.470
575,1574,18600,393.09,16.71,6.71,112.14,3.505
576,1574,18582,393.55,16.71,6.64,110.92,3.548
577,1576,18540,393.14,16.71,6.64,110.97,3.543
578,1576,18514,391.79,16.71,6.74,112.56,3.481
579,1578,18531,391.37,16.71,6.72,112.19,3.489
580,1578,18548,392.11,16.71,6.73,112.48,3.486
581,1580,18540,392.28,16.71,6.71,112.05,3.501
582,1580,18565,392.23,16.70,6.88,115.01,3.410
583,1582,18557,392.25,16.71,6.88,114.98,3.411
584,1582,18600,393.83,16.70,6.96,116.22,3.389
585,1584,18694,395.92,16.70,6.99,116.69,3.393
586,1584,18737,397.56,16.70,6.95,116.04,3.426
587,1586,18728,399.90,16.70,6.97,116.51,3.432
588,1586,18788,400.40,16.70,6.97,116.34,3.442
589,1588,18788,401.00,16.70,6.95,116.17,3.452
590,1588,18840,401.75,16.70,7.05,117.74,3.412
591,1590,18857,402.38,16.71,6.99,116.79,3.445
592,1590,18874,403.53,16.70,7.00,117.00,3.449
593,1592,18840,404.21,16.70,6.98,116.58,3.467
594,1592,18814,403.67,16.70,6.98,116.54,3.464
595,1594,18874,403.76,16.70,6.99,116.74,3.459
596,1594,18865,404.35,16.70,7.03,117.37,3.445
597,1596,18874,404.81,16.70,7.05,117.73,3.439
598,1596,18874,405.22,16.70,7.06,117.93,3.436
599,1598,18891,405.79,16.70,7.08,118.19,3.433
600,1598,18882,406.76,16.70,7.02,117.28,3.468
601,1600,18925,407.28,16.70,6.99,116.81,3.487
602,1600,18951,406.62,16.70,7.09,118.43,3.433
603,1602,18917,406.19,16.70,7.13,119.03,3.413
604,1602,18917,407.29,16.70,7.01,117.11,3.478
605,1604,18891,408.59,16.70,7.02,117.31,3.483
606,1604,18908,407.07,16.70,7.09,118.38,3.439
607,1606,18874,407.17,16.70,7.06,117.96,3.452
608,1606,18848,407.53,16.70,7.11,118.73,3.433
609,1608,18882,408.24,16.70,7.19,120.02,3.401
610,1608,18934,409.16,16.69,7.28,121.57,3.366
611,1610,19157,410.52,16.69,7.29,121.75,3.372
612,1610,19234,412.17,16.69,7.50,125.20,3.292
613,1612,19225,414.83,16.69,7.54,125.80,3.298
614,1612,19268,418.75,16.69,7.49,124.99,3.350
615,1614,19337,422.57,16.69,7.43,123.97,3.409
616,1614,19302,423.86,16.69,7.47,124.71,3.399
617,1616,19354,424.30,16.69,7.44,124.20,3.416
618,1616,19320,425.55,16.69,7.51,125.36,3.395
619,1618,19414,426.27,16.69,7.52,125.50,3.397
620,1618,19431,427.89,16.69,7.42,123.95,3.452
621,1620,19337,428.38,16.69,7.32,122.19,3.506
622,1620,19285,426.84,16.69,7.46,124.61,3.425
623,1622,19337,426.50,16.69,7.45,124.34,3.430
624,1622,19345,428.16,16.69,7.45,124.36,3.443
625,1624,19431,428.60,16.69,7.55,125.96,3.403
626,1624,19440,428.44,16.69,7.61,127.07,3.372
627,1626,19448,431.00,16.69,7.59,126.65,3.403
628,1626,19517,431.87,16.68,7.78,129.88,3.325
629,1628,19577,434.55,16.69,7.85,130.93,3.319
630,1628,19611,437.96,16.69,7.83,130.68,3.351
631,1630,19680,440.22,16.69,7.79,129.96,3.387
632,1630,19705,441.77,16.68,7.85,130.95,3.374
633,1632,19731,442.89,16.69,7.89,131.59,3.366
634,1632,19757,445.35,16.69,7.91,131.99,3.374
635,1634,19774,447.12,16.68,7.92,132.21,3.382
636,1634,19817,448.97,16.68,7.93,132.37,3.392
637,1636,19877,450.25,16.68,8.00,133.36,3.376
638,1636,19937,451.66,16.68,8.01,133.64,3.380
639,1638,19920,453.76,16.68,8.01,133.63,3.396
640,1638,19928,454.88,16.68,8.02,133.87,3.398
641,1640,19954,456.20,16.68,8.03,133.97,3.405
642,1640,20005,456.91,16.68,8.03,133.93,3.411
643,1642,19997,457.77,16.68,8.08,134.79,3.396
644,1642,20057,458.81,16.68,8.16,136.08,3.372
645,1644,20100,460.67,16.68,8.17,136.27,3.381
646,1644,20108,462.11,16.68,8.16,136.15,3.394
647,1646,20125,462.89,16.68,8.15,135.94,3.405
648,1646,20177,464.00,16.68,8.13,135.61,3.422
649,1648,20211,464.18,16.68,8.18,136.38,3.404
650,1648,20220,464.35,16.68,8.23,137.27,3.383
651,1650,20220,465.73,16.68,8.25,137.61,3.385
652,1650,20245,466.76,16.68,8.25,137.59,3.392
653,1652,20271,467.81,16.67,8.29,138.20,3.385
654,1652,20280,468.62,16.67,8.31,138.57,3.382
655,1654,20280,469.55,16.67,8.31,138.59,3.388
656,1654,20280,470.82,16.68,8.36,139.43,3.377
657,1656,20357,471.73,16.68,8.39,139.99,3.370
658,1656,20400,472.89,16.67,8.42,140.42,3.368
659,1658,20382,474.52,16.68,8.40,140.02,3.389
660,1658,20382,475.13,16.67,8.37,139.53,3.405
661,1660,20417,474.94,16.68,8.36,139.49,3.405
662,1660,20425,474.68,16.68,8.38,139.70,3.398
663,1662,20400,474.88,16.67,8.39,139.96,3.393
664,1662,20417,475.20,16.68,8.54,142.48,3.335
665,1664,20485,476.28,16.67,8.61,143.51,3.319
666,1664,20511,478.31,16.67,8.63,143.84,3.325
667,1666,20537,480.33,16.67,8.59,143.25,3.353
668,1666,20571,482.08,16.67,8.60,143.30,3.364
669,1668,20588,482.56,16.67,8.62,143.69,3.358
670,1668,20631,483.52,16.67,8.68,144.68,3.342
671,1670,20631,484.77,16.67,8.69,144.78,3.348
672,1670,20622,486.12,16.67,8.67,144.58,3.362
673,1672,20657,487.01,16.67,8.71,145.25,3.353
674,1672,20674,487.86,16.67,8.74,145.75,3.347
675,1674,20682,488.64,16.67,8.77,146.19,3.342
676,1674,20751,489.79,16.66,8.81,146.84,3.335
677,1676,20785,491.13,16.67,8.80,146.71,3.348
678,1676,20760,492.31,16.66,8.81,146.87,3.352
679,1678,20777,493.40,16.66,8.87,147.79,3.339
680,1678,20811,493.62,16.66,8.91,148.49,3.324
681,1680,20820,494.85,16.66,8.91,148.39,3.335
682,1680,20828,495.98,16.66,8.92,148.57,3.338
683,1682,20837,496.82,16.66,8.96,149.24,3.329
684,1682,20897,497.65,16.66,9.00,150.05,3.316
685,1684,20948,499.24,16.66,9.01,150.16,3.325
686,1684,20948,500.73,16.66,9.03,150.41,3.329
687,1686,20974,501.24,16.66,9.04,150.70,3.326
688,1686,21034,502.16,16.66,9.07,151.09,3.324
689,1688,21000,503.19,16.66,9.08,151.34,3.325
690,1688,20982,503.94,16.66,9.12,151.94,3.317
691,1690,21025,504.93,16.66,9.12,151.97,3.322
692,1690,21085,505.72,16.66,9.17,152.68,3.312
693,1692,21128,506.77,16.66,9.20,153.18,3.308
694,1692,21120,507.80,16.66,9.21,153.39,3.311
695,1694,21137,508.81,16.66,9.20,153.32,3.319
696,1694,21188,509.60,16.66,9.25,154.15,3.306
697,1696,21162,510.55,16.66,9.25,154.14,3.312
698,1696,21162,511.93,16.65,9.29,154.64,3.310
699,1698,21240,512.42,16.66,9.32,155.18,3.302
700,1698,21231,513.65,16.65,9.27,154.39,3.327
701,1700,21240,514.40,16.65,9.29,154.74,3.324
702,1700,21300,514.34,16.65,9.34,155.59,3.306
703,1702,21317,514.78,16.65,9.38,156.16,3.296
704,1702,21317,515.88,16.65,9.44,157.15,3.283
705,1704,21360,517.45,16.65,9.45,157.34,3.289
706,1704,21368,518.51,16.65,9.48,157.90,3.284
707,1706,21377,520.32,16.65,9.49,158.04,3.292
708,1706,21402,521.26,16.65,9.53,158.58,3.287
709,1708,21394,521.78,16.65,9.52,158.59,3.290
710,1708,21411,522.41,16.65,9.51,158.40,3.298
711,1710,21394,523.23,16.65,9.55,159.03,3.290
712,1710,21411,523.99,16.65,9.61,160.04,3.274
713,1712,21480,524.63,16.65,9.64,160.42,3.270
714,1712,21540,526.07,16.65,9.67,160.96,3.268
715,1714,21522,527.34,16.64,9.68,161.17,3.272
716,1714,21582,528.53,16.65,9.68,161.12,3.280
717,1716,21582,529.16,16.65,9.68,161.09,3.285
718,1716,21600,529.39,16.65,9.75,162.27,3.262
719,1718,21642,530.59,16.64,9.78,162.75,3.260
720,1718,21634,531.70,16.64,9.81,163.30,3.256
721,1720,21668,533.19,16.64,9.82,163.45,3.262
722,1720,21737,534.09,16.64,9.84,163.79,3.261
723,1722,21694,534.95,16.65,9.86,164.04,3.261
724,1722,21745,535.34,16.64,9.89,164.57,3.253
725,1724,21840,536.62,16.64,9.93,165.24,3.247
726,1724,21848,537.26,16.64,9.99,166.15,3.234
727,1726,21848,538.31,16.64,9.96,165.71,3.249
728,1726,21831,539.66,16.64,9.98,165.96,3.252
729,1728,21831,540.18,16.64,9.95,165.50,3.264
730,1728,21831,540.78,16.64,9.95,165.62,3.265
731,1730,21831,540.85,16.64,9.96,165.74,3.263
732,1730,21814,541.39,16.64,10.03,166.89,3.244
733,1732,21865,541.60,16.64,10.09,167.83,3.227
734,1732,21865,542.90,16.64,10.14,168.65,3.219
735,1734,21874,543.93,16.64,10.14,168.64,3.225
736,1734,21908,544.99,16.64,10.20,169.69,3.212
737,1736,21925,545.80,16.63,10.19,169.45,3.221
738,1736,21960,546.93,16.64,10.22,170.06,3.216
739,1738,21968,548.11,16.63,10.24,170.29,3.219
740,1738,21934,549.04,16.64,10.28,171.04,3.210
741,1740,21994,549.88,16.63,10.29,171.24,3.211
742,1740,21985,550.53,16.64,10.33,171.94,3.202
743,1742,21985,551.48,16.63,10.37,172.44,3.198
744,1742,22045,552.35,16.63,10.38,172.55,3.201
745,1744,22037,553.01,16.63,10.39,172.73,3.202
746,1744,22054,553.68,16.63,10.44,173.61,3.189
747,1746,22122,554.30,16.63,10.46,174.00,3.186
748,1746,22140,555.60,16.63,10.48,174.36,3.187
749,1748,22148,556.42,16.63,10.50,174.64,3.186
750,1748,22140,557.16,16.63,10.54,175.34,3.178
751,1750,22157,557.71,16.63,10.56,175.54,3.177
752,1750,22148,558.55,16.63,10.61,176.51,3.164
753,1752,22122,559.44,16.63,10.63,176.77,3.165
754,1752,22122,560.31,16.63,10.66,177.28,3.161
755,1754,22174,561.20,16.63,10.70,177.84,3.156
756,1754,22200,561.59,16.62,10.74,178.54,3.145
757,1756,22285,562.63,16.62,10.77,179.00,3.143
758,1756,22320,563.44,16.62,10.83,180.08,3.129
759,1758,22251,564.36,16.62,10.85,180.32,3.130
760,1758,22242,565.51,16.62,10.87,180.68,3.130
761,1760,22285,566.44,16.62,10.91,181.26,3.125
762,1760,22260,568.12,16.62,10.95,181.99,3.122
763,1762,22302,569.44,16.62,10.98,182.50,3.120
764,1762,22397,571.12,16.62,10.99,182.57,3.128
765,1764,22431,572.09,16.62,10.99,182.64,3.132
766,1764,22405,573.04,16.62,11.06,183.81,3.118
767,1766,22465,574.31,16.62,11.08,184.10,3.119
768,1766,22542,575.91,16.62,11.09,184.34,3.124
769,1768,22542,577.51,16.62,11.13,184.96,3.122
770,1768,22585,578.94,16.61,11.15,185.33,3.124
771,1770,22560,580.24,16.62,11.18,185.69,3.125
772,1770,22534,581.53,16.61,11.23,186.48,3.118
773,1772,22620,583.10,16.62,11.24,186.70,3.123
774,1772,22628,584.24,16.61,11.28,187.47,3.116
775,1774,22611,586.15,16.61,11.30,187.72,3.122
776,1774,22705,588.07,16.61,11.31,187.85,3.131
777,1776,22774,589.90,16.61,11.30,187.70,3.143
778,1776,22662,591.23,16.61,11.34,188.34,3.139
779,1778,22722,593.58,16.61,11.36,188.69,3.146
780,1778,22808,594.67,16.61,11.38,189.09,3.145
781,1780,22782,595.90,16.61,11.40,189.35,3.147
782,1780,22937,597.43,16.61,11.42,189.61,3.151
783,1782,22954,598.68,16.61,11.42,189.76,3.155
784,1782,22962,599.74,16.61,11.47,190.49,3.148
785,1784,22928,600.60,16.61,11.49,190.93,3.146
786,1784,22997,602.38,16.61,11.50,190.94,3.155
787,1786,22971,602.94,16.61,11.50,191.00,3.157
788,1786,23031,603.46,16.61,11.54,191.69,3.148
789,1788,23065,604.15,16.61,11.56,192.07,3.145
790,1788,23040,605.10,16.61,11.61,192.77,3.139
791,1790,23108,606.28,16.61,11.63,193.19,3.138
792,1790,23082,607.17,16.60,11.66,193.62,3.136
793,1792,23091,609.18,16.60,11.67,193.79,3.143
794,1792,23168,610.29,16.60,11.70,194.31,3.141
795,1794,23194,611.10,16.60,11.72,194.52,3.142
796,1794,23211,611.83,16.61,11.79,195.70,3.126
797,1796,23262,613.10,16.61,11.80,195.92,3.129
798,1796,23202,614.73,16.60,11.81,196.15,3.134
799,1798,23331,615.70,16.60,11.83,196.48,3.134
800,1798,23322,616.61,16.60,11.85,196.77,3.134
801,1800,23271,617.66,16.60,11.86,196.85,3.138
802,1800,23322,618.26,16.60,11.89,197.31,3.133
803,1802,23340,618.77,16.60,11.90,197.50,3.133
804,1802,23442,619.89,16.60,11.96,198.50,3.123
805,1804,23502,621.11,16.60,12.03,199.71,3.110
806,1804,23434,622.58,16.60,12.06,200.16,3.110
807,1806,23408,623.85,16.60,12.06,200.16,3.117
808,1806,23434,625.58,16.59,12.07,200.25,3.124
809,1808,23417,626.26,16.59,12.07,200.23,3.128
810,1808,23442,626.71,16.59,12.11,201.02,3.118
811,1810,23468,627.87,16.59,12.14,201.37,3.118
812,1810,23468,628.57,16.59,12.20,202.47,3.104
813,1812,23528,630.12,16.59,12.22,202.70,3.109
814,1812,23571,631.30,16.59,12.23,202.93,3.111
815,1814,23648,632.97,16.59,12.24,203.03,3.118
816,1814,23691,634.04,16.59,12.25,203.32,3.118
817,1816,23674,634.76,16.59,12.31,204.29,3.107
818,1816,23700,635.36,16.59,12.33,204.57,3.106
819,1818,23657,636.30,16.59,12.32,204.42,3.113
820,1818,23708,637.87,16.59,12.35,204.89,3.113
821,1820,23717,637.93,16.59,12.40,205.64,3.102
822,1820,23700,638.98,16.59,12.47,206.80,3.090
823,1822,23717,640.57,16.59,12.46,206.72,3.099
824,1822,23751,641.51,16.59,12.49,207.10,3.098
825,1824,23828,642.31,16.59,12.50,207.36,3.098
826,1824,23820,643.28,16.59,12.55,208.17,3.090
827,1826,23888,644.76,16.59,12.58,208.70,3.089
828,1826,23914,645.74,16.59,12.61,209.21,3.087
829,1828,23880,647.70,16.58,12.64,209.65,3.089
830,1828,23922,648.71,16.58,12.66,209.91,3.090
831,1830,24000,649.78,16.58,12.68,210.23,3.091
832,1830,23991,650.22,16.58,12.73,211.16,3.079
833,1832,24042,650.97,16.58,12.76,211.63,3.076
834,1832,24042,652.81,16.58,12.78,211.84,3.082
835,1834,24068,653.52,16.58,12.77,211.69,3.087
836,1834,24068,654.50,16.58,12.82,212.51,3.080
837,1836,24085,655.40,16.58,12.84,212.90,3.079
838,1836,24017,656.40,16.58,12.91,214.01,3.067
839,1838,24068,657.10,16.58,12.93,214.31,3.066
840,1838,24154,658.14,16.58,12.94,214.56,3.067
841,1840,24137,659.46,16.58,12.97,214.94,3.068
842,1840,24154,660.59,16.58,13.00,215.52,3.065
843,1842,24137,661.94,16.57,13.02,215.74,3.068
844,1842,24265,663.15,16.57,13.07,216.54,3.062
845,1844,24274,664.16,16.57,13.09,216.90,3.062
846,1844,24240,664.47,16.57,13.11,217.30,3.058
847,1846,24257,665.76,16.57,13.13,217.62,3.059
848,1846,24308,666.38,16.57,13.16,218.02,3.056
849,1848,24351,667.80,16.57,13.20,218.63,3.055
850,1848,24308,669.48,16.57,13.26,219.74,3.047
851,1850,24360,670.85,16.57,13.27,219.82,3.052
852,1850,24454,671.96,16.57,13.32,220.67,3.045
853,1852,24420,672.71,16.57,13.34,220.99,3.044
854,1852,24488,673.80,16.57,13.38,221.64,3.040
855,1854,24462,674.98,16.57,13.38,221.75,3.044
856,1854,24428,675.88,16.57,13.39,221.83,3.047
857,1856,24488,677.14,16.57,13.39,221.85,3.052
858,1856,24497,677.81,16.57,13.44,222.65,3.044
859,1858,24497,677.98,16.57,13.48,223.34,3.036
860,1858,24514,679.41,16.57,13.54,224.33,3.029
861,1860,24557,680.67,16.57,13.56,224.64,3.030
862,1860,24617,682.03,16.57,13.57,224.76,3.034
863,1862,24651,682.76,16.56,13.61,225.46,3.028
864,1862,24677,684.61,16.56,13.65,226.10,3.028
865,1864,24651,685.78,16.56,13.67,226.35,3.030
866,1864,24728,686.32,16.56,13.72,227.21,3.021
867,1866,24745,687.21,16.56,13.74,227.50,3.021
868,1866,24762,688.35,16.56,13.77,228.09,3.018
869,1868,24737,689.53,16.56,13.78,228.12,3.023
870,1868,24788,691.01,16.55,13.82,228.78,3.020
871,1870,24762,691.54,16.56,13.86,229.48,3.013
872,1870,24814,692.93,16.56,13.90,230.14,3.011
873,1872,24840,693.98,16.56,13.90,230.14,3.015
874,1872,24857,695.39,16.56,13.95,230.92,3.011
875,1874,24891,696.24,16.55,13.97,231.27,3.010
876,1874,24917,697.49,16.55,14.03,232.25,3.003
877,1876,24951,698.75,16.55,14.05,232.56,3.005
878,1876,24960,699.96,16.55,14.08,233.07,3.003
879,1878,24977,701.69,16.55,14.08,233.05,3.011
880,1878,24994,702.80,16.55,14.13,233.94,3.004
881,1880,25020,703.44,16.55,14.18,234.62,2.998
882,1880,25045,704.21,16.55,14.23,235.47,2.991
883,1882,25037,705.44,16.55,14.24,235.76,2.992
884,1882,25097,707.61,16.55,14.28,236.22,2.995
885,1884,25114,708.51,16.55,14.29,236.56,2.995
886,1884,25148,709.83,16.55,14.36,237.59,2.988
887,1886,25148,711.11,16.55,14.36,237.59,2.993
888,1886,25157,712.52,16.55,14.39,238.09,2.993
889,1888,25182,712.87,16.54,14.39,238.01,2.995
890,1888,25191,713.49,16.55,14.42,238.66,2.990
891,1890,25208,714.90,16.54,14.46,239.21,2.989
892,1890,25242,715.61,16.54,14.53,240.33,2.978
893,1892,25268,716.71,16.54,14.54,240.53,2.980
894,1892,25285,718.06,16.54,14.58,241.19,2.977
895,1894,25285,719.17,16.54,14.60,241.48,2.978
896,1894,25328,719.50,16.54,14.70,243.19,2.959
897,1896,25354,720.64,16.54,14.76,244.10,2.952
898,1896,25388,723.59,16.55,14.69,242.97,2.978
899,1898,25388,724.68,16.54,14.76,244.16,2.968
900,1898,25440,724.76,16.54,14.79,244.68,2.962
901,1900,25414,726.60,16.54,14.66,242.50,2.996
902,1900,25388,726.35,16.54,14.67,242.65,2.993
903,1902,25388,726.18,16.54,14.71,243.26,2.985
904,1902,25422,726.51,16.54,14.78,244.40,2.973
905,1904,25431,727.10,16.54,14.82,245.13,2.966
906,1904,25448,728.53,16.54,14.85,245.49,2.968
907,1906,25474,730.69,16.53,14.88,245.94,2.971
908,1906,25508,731.63,16.53,14.98,247.65,2.954
909,1908,25568,732.65,16.53,15.06,248.96,2.943
910,1908,25594,734.02,16.53,15.10,249.56,2.941
911,1910,25620,735.65,16.53,15.11,249.84,2.944
912,1910,25645,737.51,16.53,15.17,250.66,2.942
913,1912,25662,739.91,16.53,15.17,250.81,2.950
914,1912,25671,741.69,16.53,15.22,251.51,2.949
915,1914,25697,742.68,16.53,15.24,251.87,2.949
916,1914,25705,743.94,16.53,15.27,252.34,2.948
917,1916,25740,744.83,16.53,15.29,252.65,2.948
918,1916,25757,745.64,16.53,15.35,253.62,2.940
919,1918,25782,746.37,16.52,15.38,254.08,2.937
920,1918,25825,747.86,16.52,15.44,255.09,2.932
921,1920,25825,749.94,16.52,15.44,255.04,2.940
922,1920,25825,750.72,16.52,15.45,255.31,2.940
923,1922,25877,751.70,16.52,15.47,255.67,2.940
924,1922,25868,752.27,16.52,15.55,256.80,2.929
925,1924,25894,752.98,16.52,15.57,257.29,2.927
926,1924,25928,754.47,16.52,15.63,258.17,2.922
927,1926,25920,756.13,16.52,15.64,258.33,2.927
928,1926,25997,757.52,16.52,15.69,259.10,2.924
929,1928,25980,759.04,16.52,15.70,259.36,2.927
930,1928,26005,760.38,16.52,15.77,260.38,2.920
931,1930,26005,760.92,16.52,15.78,260.68,2.919
932,1930,26074,762.57,16.52,15.82,261.21,2.919
933,1932,26057,763.22,16.51,15.83,261.42,2.920
934,1932,26091,764.06,16.51,15.89,262.42,2.912
935,1934,26108,765.50,16.52,15.91,262.86,2.912
936,1934,26125,767.06,16.51,15.98,263.90,2.907
937,1936,26151,768.05,16.51,15.99,264.00,2.909
938,1936,26177,768.76,16.51,16.02,264.60,2.905
939,1938,26194,770.45,16.51,16.05,264.94,2.908
940,1938,26202,771.47,16.51,16.10,265.83,2.902
941,1940,26220,772.87,16.51,16.12,266.07,2.905
942,1940,26262,773.56,16.51,16.17,266.98,2.897
943,1942,26237,775.52,16.51,16.18,267.10,2.903
944,1942,26288,776.42,16.51,16.22,267.73,2.900
945,1944,26331,776.75,16.51,16.24,268.05,2.898
946,1944,26305,777.30,16.51,16.26,268.40,2.896
947,1946,26314,778.28,16.50,16.32,269.33,2.890
948,1946,26357,779.22,16.50,16.36,269.93,2.887
949,1948,26391,780.71,16.50,16.37,270.15,2.890
950,1948,26417,782.48,16.50,16.42,270.89,2.889
951,1950,26434,782.88,16.50,16.45,271.52,2.883
952,1950,26460,783.94,16.50,16.50,272.27,2.879
953,1952,26468,785.14,16.50,16.53,272.70,2.879
954,1952,26485,786.88,16.50,16.55,273.11,2.881
955,1954,26502,787.55,16.50,16.50,272.34,2.892
956,1954,26520,788.66,16.50,16.60,273.87,2.880
957,1956,26520,789.49,16.50,16.64,274.58,2.875
958,1956,26528,790.65,16.50,16.71,275.67,2.868
959,1958,26580,791.89,16.50,16.73,276.08,2.868
960,1958,26588,793.12,16.50,16.76,276.39,2.870
961,1960,26631,793.72,16.50,16.78,276.85,2.867
962,1960,26631,794.56,16.49,16.83,277.56,2.863
963,1962,26640,796.23,16.49,16.81,277.31,2.871
964,1962,26657,796.87,16.49,16.83,277.64,2.870
965,1964,26674,797.53,16.49,16.88,278.43,2.864
966,1964,26691,798.17,16.49,16.94,279.32,2.858
967,1966,26734,799.76,16.49,16.97,279.87,2.858
968,1966,26742,801.14,16.49,17.01,280.41,2.857
969,1968,26734,802.60,16.49,17.07,281.38,2.852
970,1968,26777,804.27,16.48,17.12,282.18,2.850
971,1970,26794,804.90,16.49,17.16,282.94,2.845
972,1970,26837,806.33,16.48,17.20,283.48,2.844
973,1972,26880,808.14,16.49,17.16,282.97,2.856
974,1972,26862,808.91,16.48,17.16,282.88,2.860
975,1974,26871,808.62,16.48,17.23,283.94,2.848
976,1974,26862,809.15,16.48,17.37,286.30,2.826
977,1976,26948,810.73,16.48,17.41,287.02,2.825
978,1976,26957,812.79,16.48,17.48,288.03,2.822
979,1978,27000,815.34,16.48,17.50,288.36,2.828
980,1978,27017,816.72,16.48,17.51,288.58,2.830
981,1980,27017,817.59,16.48,17.48,288.02,2.839
982,1980,27068,818.45,16.48,17.56,289.36,2.829
983,1982,27085,819.00,16.47,17.64,290.52,2.819
984,1982,27111,821.34,16.48,17.71,291.82,2.815
985,1984,27128,823.06,16.47,17.71,291.75,2.821
986,1984,27145,824.73,16.48,17.75,292.37,2.821
987,1986,27154,825.37,16.47,17.74,292.17,2.825
988,1986,27214,826.49,16.47,17.85,294.11,2.810
989,1988,27231,827.29,16.47,17.92,295.20,2.802
990,1988,27248,828.58,16.47,17.98,296.05,2.799
991,1990,27274,831.38,16.47,17.97,295.94,2.809
992,1990,27291,832.64,16.47,17.94,295.48,2.818
993,1992,27325,833.84,16.47,18.02,296.71,2.810
994,1992,27471,834.34,16.46,18.60,306.17,2.725
995,1994,27582,838.88,16.46,18.73,308.34,2.721
996,1994,27625,846.87,16.46,18.73,308.19,2.748
997,1996,27642,851.84,16.46,18.68,307.41,2.771
998,1996,27660,854.98,16.46,18.62,306.56,2.789
999,1998,27651,857.37,16.45,18.57,305.50,2.806
1000,1998,27660,858.04,16.46,18.55,305.27,2.811
1001,2000,27668,858.44,16.46,18.54,305.18,2.813
1002,2000,27668,858.88,16.46,18.52,304.84,2.818
1003,2000,27651,858.86,16.46,18.50,304.54,2.820
1004,2000,27660,858.84,16.46,18.54,305.09,2.815
1005,2000,27651,858.67,16.46,18.54,305.09,2.814
1006,2000,27702,859.23,16.46,18.50,304.44,2.822
1007,2000,27617,859.06,16.45,18.48,304.05,2.825
1008,2000,27634,858.01,16.46,18.53,304.85,2.815
1009,2000,27660,858.08,16.45,18.54,305.07,2.813
1010,2000,27634,858.44,16.45,18.54,305.08,2.814
1011,2000,27651,858.84,16.46,18.53,305.02,2.816
1012,2000,27660,859.28,16.45,18.52,304.75,2.820
1013,2000,27651,859.00,16.46,18.53,304.92,2.817
1014,2000,27651,858.13,16.46,18.51,304.62,2.817
1015,2000,27642,858.12,16.46,18.48,304.14,2.821
1016,2000,27651,857.79,16.46,18.51,304.59,2.816
1017,2000,27651,857.05,16.46,18.52,304.72,2.813
1018,2000,27642,857.10,16.45,18.52,304.68,2.813
1019,2000,27660,857.36,16.46,18.51,304.56,2.815
1020,2000,27651,857.69,16.45,18.50,304.37,2.818
1021,2000,27625,858.12,16.46,18.45,303.58,2.827
1022,2000,27651,856.92,16.46,18.45,303.60,2.823
1023,2000,27625,856.65,16.45,18.48,304.14,2.817
1024,2000,27634,856.27,16.45,18.51,304.44,2.813
1025,2000,27660,856.89,16.45,18.47,303.93,2.819
1026,2000,27642,857.63,16.45,18.50,304.41,2.817
1027,2000,27651,857.88,16.45,18.51,304.54,2.817
1028,2000,27642,858.28,16.45,18.48,303.95,2.824
1029,2000,27651,858.04,16.45,18.49,304.22,2.821
1030,2000,27651,857.80,16.45,18.51,304.61,2.816
1031,2000,27642,858.12,16.45,18.47,303.85,2.824
