seq,pwm,rpm,thrust,voltage,current,watts,gpwatt
1,1000,0,0.00,12.62,0.81,10.22,0.000
2,1000,0,0.00,12.62,0.81,10.24,0.000
3,1002,0,0.00,12.62,0.81,10.16,0.000
4,1002,0,0.00,12.63,0.81,10.17,0.000
5,1004,0,0.00,12.63,0.81,10.17,0.000
6,1004,0,0.00,12.63,0.81,10.16,0.000
7,1006,0,0.00,12.63,0.81,10.20,0.000
8,1006,0,0.00,12.63,0.80,10.16,0.000
9,1008,0,0.00,12.63,0.80,10.16,0.000
10,1008,0,0.00,12.63,0.81,10.25,0.000
11,1010,0,0.00,12.62,0.81,10.20,0.000
12,1010,0,0.00,12.62,0.81,10.23,0.000
13,1012,0,0.00,12.62,0.80,10.07,0.000
14,1012,0,0.00,12.62,0.81,10.21,0.000
15,1014,0,0.00,12.62,0.82,10.35,0.000
16,1014,0,0.00,12.62,0.83,10.49,0.000
17,1016,0,0.00,12.62,0.83,10.47,0.000
18,1016,0,0.00,12.61,1.01,12.70,0.000
19,1018,0,0.00,12.62,1.35,17.07,0.000
20,1018,0,2.63,12.61,1.42,17.90,0.147
21,1020,0,3.88,12.61,1.41,17.77,0.218
22,1020,0,4.47,12.62,1.38,17.43,0.257
23,1022,0,4.33,12.62,1.26,15.89,0.272
24,1022,0,4.16,12.62,1.14,14.38,0.289
25,1024,0,5.13,12.61,1.06,13.38,0.384
26,1024,0,5.21,12.62,1.01,12.78,0.408
27,1026,0,6.11,12.62,1.00,12.64,0.483
28,1026,0,5.85,12.62,0.99,12.48,0.468
29,1028,0,5.90,12.62,0.97,12.29,0.480
30,1028,0,6.26,12.61,0.95,11.96,0.524
31,1030,0,6.22,12.62,0.94,11.87,0.524
32,1030,0,6.60,12.62,0.95,12.01,0.550
33,1032,0,6.95,12.62,0.94,11.87,0.585
34,1032,0,7.47,12.61,0.94,11.79,0.634
35,1034,0,7.22,12.62,0.95,11.93,0.605
36,1034,0,6.78,12.61,0.95,11.99,0.566
37,1036,0,6.94,12.62,0.94,11.83,0.587
38,1036,0,7.11,12.62,0.95,11.97,0.593
39,1038,0,7.02,12.62,0.95,11.95,0.587
40,1038,0,7.51,12.61,0.95,11.93,0.630
41,1040,0,7.22,12.61,0.95,11.98,0.603
42,1040,0,7.58,12.62,0.95,11.96,0.634
43,1042,0,7.70,12.62,0.95,11.99,0.642
44,1042,0,7.45,12.62,0.96,12.15,0.613
45,1044,0,7.67,12.62,0.96,12.12,0.633
46,1044,0,7.73,12.62,0.96,12.07,0.641
47,1046,0,7.33,12.62,0.95,11.96,0.613
48,1046,0,7.61,12.62,0.95,12.00,0.634
49,1048,0,7.47,12.62,0.96,12.16,0.615
50,1048,0,7.96,12.62,0.97,12.21,0.652
51,1050,3702,7.88,12.62,0.97,12.21,0.645
52,1050,3728,7.63,12.62,0.96,12.15,0.628
53,1052,3762,8.20,12.62,0.96,12.11,0.676
54,1052,3797,7.86,12.62,0.97,12.25,0.642
55,1054,3831,7.87,12.62,0.97,12.21,0.644
56,1054,3848,8.27,12.62,0.96,12.17,0.680
57,1056,3874,7.96,12.62,0.97,12.22,0.651
58,1056,3900,8.50,12.61,0.98,12.35,0.688
59,1058,3925,8.68,12.62,0.98,12.34,0.703
60,1058,3951,8.66,12.62,0.98,12.34,0.702
61,1060,3985,8.78,12.62,0.98,12.34,0.711
62,1060,4002,8.57,12.62,0.97,12.21,0.702
63,1062,4028,8.99,12.62,0.99,12.45,0.722
64,1062,4045,8.84,12.62,0.99,12.51,0.706
65,1064,4071,8.95,12.61,0.98,12.33,0.725
66,1064,4088,9.52,12.62,0.98,12.41,0.767
67,1066,4114,9.43,12.62,0.99,12.46,0.757
68,1066,4140,9.45,12.62,0.99,12.43,0.760
69,1068,4174,9.96,12.61,0.99,12.52,0.796
70,1068,4208,9.82,12.62,1.00,12.66,0.776
71,1070,4234,9.88,12.62,0.99,12.47,0.793
72,1070,4260,9.89,12.62,1.00,12.64,0.783
73,1072,4285,10.01,12.62,1.00,12.60,0.795
74,1072,4311,10.40,12.62,1.00,12.56,0.828
75,1074,4337,10.50,12.62,1.00,12.63,0.831
76,1074,4362,10.71,12.61,1.00,12.64,0.847
77,1076,4397,10.70,12.62,1.00,12.61,0.849
78,1076,4414,10.75,12.62,1.01,12.79,0.841
79,1078,4440,11.27,12.62,1.01,12.79,0.881
80,1078,4474,10.78,12.62,1.02,12.85,0.839
81,1080,4500,10.64,12.62,1.01,12.80,0.831
82,1080,4542,11.04,12.62,1.02,12.90,0.855
83,1082,4585,10.87,12.62,1.01,12.75,0.852
84,1082,4620,10.98,12.62,1.02,12.91,0.851
85,1084,4654,11.00,12.62,1.03,12.97,0.848
86,1084,4688,11.29,12.61,1.03,13.02,0.868
87,1086,4722,11.75,12.62,1.04,13.08,0.898
88,1086,4757,11.79,12.61,1.03,13.00,0.907
89,1088,4782,11.97,12.62,1.03,12.99,0.921
90,1088,4808,11.79,12.62,1.03,13.03,0.905
91,1090,4834,11.89,12.62,1.03,13.03,0.912
92,1090,4860,12.41,12.62,1.04,13.08,0.948
93,1092,4894,12.25,12.62,1.04,13.13,0.932
94,1092,4920,12.91,12.62,1.04,13.15,0.982
95,1094,4945,13.23,12.61,1.04,13.05,1.014
96,1094,4980,13.10,12.62,1.04,13.16,0.995
97,1096,5014,13.21,12.62,1.04,13.11,1.008
98,1096,5048,12.78,12.61,1.06,13.36,0.957
99,1098,5074,13.32,12.62,1.04,13.15,1.013
100,1098,5100,14.02,12.62,1.04,13.12,1.069
101,1100,5117,13.78,12.61,1.04,13.13,1.050
102,1100,5142,13.80,12.62,1.05,13.31,1.037
103,1102,5177,13.70,12.61,1.05,13.28,1.032
104,1102,5202,13.77,12.62,1.06,13.35,1.032
105,1104,5220,14.54,12.62,1.06,13.39,1.086
106,1104,5245,14.18,12.62,1.06,13.42,1.057
107,1106,5280,14.32,12.61,1.06,13.40,1.069
108,1106,5314,14.25,12.62,1.07,13.55,1.052
109,1108,5340,14.35,12.62,1.08,13.64,1.052
110,1108,5374,14.75,12.62,1.08,13.59,1.086
111,1110,5391,14.70,12.62,1.06,13.36,1.100
112,1110,5417,14.62,12.61,1.08,13.65,1.071
113,1112,5442,14.74,12.61,1.08,13.63,1.082
114,1112,5468,14.71,12.61,1.08,13.59,1.082
115,1114,5494,15.04,12.62,1.08,13.59,1.106
116,1114,5520,15.01,12.62,1.08,13.61,1.103
117,1116,5545,14.67,12.62,1.09,13.71,1.070
118,1116,5580,15.35,12.61,1.10,13.91,1.104
119,1118,5614,15.32,12.62,1.10,13.85,1.107
120,1118,5640,15.35,12.61,1.09,13.78,1.114
121,1120,5674,15.53,12.62,1.10,13.85,1.121
122,1120,5708,15.27,12.61,1.09,13.71,1.114
123,1122,5725,15.69,12.61,1.09,13.76,1.140
124,1122,5751,15.58,12.61,1.10,13.84,1.126
125,1124,5768,15.65,12.61,1.09,13.78,1.136
126,1124,5794,16.12,12.62,1.09,13.75,1.172
127,1126,5820,15.98,12.61,1.11,14.03,1.140
128,1126,5845,17.41,12.62,1.12,14.14,1.232
129,1128,5880,17.44,12.62,1.12,14.12,1.235
130,1128,5914,17.67,12.62,1.12,14.09,1.254
131,1130,5948,18.12,12.62,1.12,14.07,1.287
132,1130,5974,18.18,12.62,1.12,14.11,1.288
133,1132,6008,18.20,12.62,1.11,14.00,1.301
134,1132,6025,18.35,12.62,1.12,14.19,1.293
135,1134,6051,18.60,12.62,1.13,14.28,1.302
136,1134,6085,19.17,12.62,1.14,14.43,1.329
137,1136,6111,19.02,12.62,1.14,14.34,1.327
138,1136,6145,19.12,12.61,1.13,14.31,1.336
139,1138,6180,19.55,12.62,1.14,14.43,1.354
140,1138,6205,19.41,12.62,1.15,14.46,1.342
141,1140,6231,19.78,12.62,1.14,14.33,1.380
142,1140,6265,19.73,12.61,1.15,14.52,1.358
143,1142,6291,19.85,12.62,1.15,14.51,1.368
144,1142,6325,20.13,12.62,1.15,14.45,1.394
145,1144,6342,19.95,12.61,1.15,14.56,1.371
146,1144,6368,20.38,12.62,1.16,14.68,1.388
147,1146,6402,20.70,12.62,1.16,14.61,1.417
148,1146,6411,20.76,12.61,1.15,14.51,1.430
149,1148,6445,21.18,12.62,1.15,14.57,1.453
150,1148,6454,20.88,12.62,1.16,14.64,1.427
151,1150,6488,20.94,12.62,1.15,14.55,1.440
152,1150,6505,21.25,12.62,1.17,14.75,1.440
153,1152,6531,21.18,12.62,1.16,14.66,1.445
154,1152,6565,21.47,12.62,1.16,14.66,1.465
155,1154,6582,21.54,12.61,1.16,14.63,1.472
156,1154,6600,21.95,12.61,1.18,14.92,1.472
157,1156,6634,22.07,12.61,1.19,15.02,1.470
158,1156,6660,22.29,12.62,1.18,14.87,1.499
159,1158,6685,22.52,12.61,1.17,14.75,1.527
160,1158,6702,22.36,12.62,1.18,14.85,1.505
161,1160,6720,22.72,12.62,1.18,14.86,1.529
162,1160,6737,23.20,12.62,1.18,14.94,1.553
163,1162,6762,23.15,12.61,1.20,15.12,1.531
164,1162,6788,23.38,12.61,1.20,15.12,1.547
165,1164,6822,23.50,12.61,1.19,15.00,1.567
166,1164,6848,23.38,12.62,1.18,14.94,1.565
167,1166,6865,23.97,12.62,1.19,15.01,1.597
168,1166,6891,23.80,12.61,1.19,15.01,1.585
169,1168,6925,23.91,12.62,1.22,15.33,1.560
170,1168,6951,24.30,12.61,1.21,15.26,1.592
171,1170,6985,24.26,12.61,1.20,15.10,1.607
172,1170,7002,24.73,12.62,1.21,15.20,1.627
173,1172,7020,24.79,12.62,1.21,15.27,1.624
174,1172,7037,24.73,12.62,1.21,15.20,1.627
175,1174,7062,25.53,12.61,1.20,15.18,1.682
176,1174,7071,25.25,12.62,1.21,15.32,1.649
177,1176,7088,25.41,12.61,1.21,15.25,1.666
178,1176,7105,25.30,12.61,1.20,15.19,1.666
179,1178,7131,25.60,12.61,1.23,15.46,1.656
180,1178,7157,26.03,12.62,1.23,15.45,1.684
181,1180,7191,25.75,12.62,1.23,15.47,1.664
182,1180,7225,26.36,12.62,1.24,15.67,1.682
183,1182,7260,26.65,12.62,1.24,15.69,1.699
184,1182,7294,26.41,12.62,1.24,15.61,1.691
185,1184,7320,27.02,12.61,1.24,15.66,1.725
186,1184,7345,26.86,12.61,1.24,15.68,1.712
187,1186,7380,27.04,12.61,1.24,15.69,1.723
188,1186,7405,27.46,12.61,1.25,15.71,1.747
189,1188,7431,27.11,12.61,1.25,15.73,1.723
190,1188,7457,27.69,12.61,1.25,15.80,1.752
191,1190,7491,27.76,12.61,1.26,15.96,1.739
192,1190,7525,27.58,12.61,1.26,15.88,1.736
193,1192,7534,27.77,12.62,1.26,15.87,1.750
194,1192,7577,27.66,12.62,1.27,16.00,1.728
195,1194,7602,27.92,12.61,1.27,16.08,1.737
196,1194,7637,28.02,12.61,1.28,16.18,1.732
197,1196,7680,27.99,12.62,1.28,16.12,1.736
198,1196,7697,28.30,12.62,1.27,16.07,1.761
199,1198,7714,28.05,12.61,1.27,15.99,1.754
200,1198,7748,28.55,12.62,1.29,16.26,1.756
201,1200,7774,28.87,12.61,1.28,16.16,1.786
202,1200,7808,28.77,12.61,1.29,16.22,1.774
203,1202,7825,29.15,12.61,1.30,16.35,1.782
204,1202,7851,29.09,12.62,1.29,16.34,1.780
205,1204,7885,29.64,12.62,1.29,16.33,1.815
206,1204,7911,30.42,12.61,1.30,16.44,1.851
207,1206,7945,30.52,12.62,1.31,16.49,1.851
208,1206,7962,31.10,12.62,1.34,16.88,1.843
209,1208,8005,31.39,12.61,1.31,16.49,1.904
210,1208,8040,31.82,12.61,1.31,16.52,1.927
211,1210,8074,32.16,12.61,1.31,16.53,1.946
212,1210,8091,32.25,12.61,1.32,16.60,1.942
213,1212,8108,32.71,12.62,1.31,16.51,1.982
214,1212,8117,33.01,12.62,1.32,16.66,1.981
215,1214,8151,32.92,12.61,1.32,16.60,1.983
216,1214,8185,33.49,12.61,1.33,16.82,1.991
217,1216,8220,33.22,12.62,1.35,17.08,1.945
218,1216,8254,33.83,12.61,1.35,17.03,1.987
219,1218,8288,34.09,12.61,1.34,16.90,2.017
220,1218,8322,34.34,12.61,1.34,16.90,2.032
221,1220,8348,34.84,12.62,1.33,16.73,2.082
222,1220,8365,34.94,12.61,1.34,16.89,2.069
223,1222,8391,34.81,12.61,1.34,16.95,2.054
224,1222,8417,35.41,12.61,1.34,16.94,2.091
225,1224,8442,35.33,12.62,1.36,17.17,2.058
226,1224,8468,35.69,12.62,1.39,17.54,2.035
227,1226,8502,35.89,12.61,1.37,17.29,2.076
228,1226,8528,36.18,12.62,1.38,17.40,2.080
229,1228,8545,36.64,12.62,1.37,17.27,2.122
230,1228,8554,36.37,12.61,1.37,17.24,2.110
231,1230,8571,36.30,12.61,1.37,17.31,2.097
232,1230,8597,36.89,12.61,1.38,17.36,2.125
233,1232,8631,36.70,12.61,1.38,17.37,2.113
234,1232,8657,37.65,12.61,1.38,17.42,2.161
235,1234,8682,37.76,12.62,1.39,17.59,2.146
236,1234,8708,37.62,12.62,1.39,17.56,2.143
237,1236,8751,38.03,12.61,1.41,17.82,2.134
238,1236,8777,38.34,12.62,1.41,17.79,2.155
239,1238,8828,38.57,12.61,1.41,17.79,2.168
240,1238,8862,38.61,12.61,1.40,17.67,2.185
241,1240,8888,38.98,12.61,1.41,17.77,2.194
242,1240,8948,39.44,12.61,1.43,18.02,2.189
243,1242,8957,39.24,12.61,1.44,18.13,2.165
244,1242,8974,39.63,12.62,1.46,18.39,2.155
245,1244,9008,40.17,12.61,1.45,18.24,2.203
246,1244,9051,40.02,12.62,1.44,18.19,2.201
247,1246,9077,40.16,12.61,1.45,18.25,2.201
248,1246,9111,40.19,12.62,1.47,18.48,2.174
249,1248,9154,40.56,12.61,1.46,18.39,2.205
250,1248,9205,40.82,12.61,1.48,18.66,2.188
251,1250,9231,40.77,12.61,1.48,18.64,2.187
252,1250,9274,41.32,12.61,1.47,18.58,2.223
253,1252,9308,41.52,12.62,1.48,18.71,2.219
254,1252,9351,41.58,12.62,1.49,18.79,2.213
255,1254,9385,41.95,12.61,1.47,18.57,2.259
256,1254,9420,41.86,12.61,1.48,18.72,2.236
257,1256,9437,42.44,12.61,1.50,18.85,2.251
258,1256,9480,42.97,12.62,1.52,19.15,2.243
259,1258,9505,42.83,12.61,1.49,18.74,2.285
260,1258,9531,43.78,12.62,1.49,18.85,2.322
261,1260,9565,43.70,12.61,1.49,18.82,2.322
262,1260,9591,43.80,12.61,1.50,18.92,2.315
263,1262,9608,43.98,12.61,1.51,19.01,2.314
264,1262,9634,43.89,12.61,1.50,18.95,2.316
265,1264,9668,44.69,12.61,1.51,19.07,2.343
266,1264,9694,44.90,12.61,1.54,19.37,2.318
267,1266,9728,44.88,12.61,1.53,19.26,2.329
268,1266,9762,45.16,12.61,1.52,19.18,2.354
269,1268,9788,45.36,12.61,1.52,19.24,2.358
270,1268,9822,45.86,12.61,1.53,19.26,2.381
271,1270,9848,45.91,12.61,1.52,19.21,2.389
272,1270,9874,45.73,12.61,1.54,19.38,2.360
273,1272,9891,46.26,12.61,1.54,19.44,2.379
274,1272,9917,46.44,12.61,1.55,19.50,2.382
275,1274,9951,46.77,12.61,1.54,19.37,2.415
276,1274,9977,47.11,12.61,1.55,19.54,2.412
277,1276,10002,47.20,12.61,1.55,19.60,2.408
278,1276,10028,47.59,12.61,1.56,19.71,2.415
279,1278,10054,47.91,12.61,1.56,19.63,2.441
280,1278,10071,48.09,12.61,1.56,19.68,2.443
281,1280,10097,48.23,12.61,1.57,19.75,2.442
282,1280,10122,48.08,12.61,1.59,20.01,2.403
283,1282,10122,48.66,12.62,1.55,19.60,2.482
284,1282,10122,48.70,12.61,1.55,19.59,2.486
285,1284,10122,48.95,12.61,1.55,19.49,2.511
286,1284,10122,49.08,12.61,1.55,19.53,2.513
287,1286,10122,48.67,12.61,1.56,19.66,2.476
288,1286,10157,48.80,12.61,1.63,20.50,2.380
289,1288,10208,49.38,12.61,1.65,20.79,2.375
290,1288,10251,49.97,12.61,1.64,20.65,2.419
291,1290,10302,50.69,12.62,1.65,20.79,2.438
292,1290,10362,50.58,12.61,1.65,20.76,2.436
293,1292,10422,50.72,12.62,1.65,20.82,2.436
294,1292,10474,51.50,12.61,1.66,20.93,2.460
295,1294,10517,51.57,12.61,1.66,20.89,2.469
296,1294,10551,52.28,12.61,1.65,20.86,2.506
297,1296,10594,52.66,12.61,1.66,20.89,2.521
298,1296,10628,52.75,12.61,1.67,21.08,2.502
299,1298,10662,53.06,12.61,1.68,21.13,2.511
300,1298,10697,53.03,12.61,1.67,21.07,2.517
301,1300,10731,53.26,12.61,1.68,21.13,2.521
302,1300,10765,53.39,12.61,1.70,21.45,2.489
303,1302,10800,53.50,12.62,1.70,21.43,2.496
304,1302,10825,54.13,12.61,1.70,21.45,2.524
305,1304,10885,54.20,12.61,1.72,21.67,2.501
306,1304,10911,54.80,12.61,1.71,21.57,2.540
307,1306,10937,55.27,12.61,1.69,21.35,2.589
308,1306,10980,55.03,12.61,1.71,21.53,2.556
309,1308,11014,55.50,12.61,1.69,21.37,2.597
310,1308,11031,55.94,12.61,1.72,21.66,2.583
311,1310,11065,56.34,12.62,1.72,21.65,2.602
312,1310,11082,57.06,12.61,1.72,21.74,2.624
313,1312,11100,56.84,12.61,1.73,21.80,2.607
314,1312,11117,57.05,12.61,1.73,21.79,2.619
315,1314,11142,57.88,12.61,1.75,22.01,2.630
316,1314,11168,58.05,12.61,1.74,21.93,2.647
317,1316,11202,58.39,12.61,1.74,21.98,2.657
318,1316,11262,58.22,12.61,1.76,22.25,2.617
319,1318,11297,58.84,12.61,1.76,22.23,2.647
320,1318,11322,59.45,12.61,1.77,22.39,2.655
321,1320,11340,59.40,12.61,1.76,22.16,2.680
322,1320,11340,59.67,12.61,1.76,22.15,2.694
323,1322,11374,59.61,12.61,1.76,22.20,2.685
324,1322,11391,59.68,12.61,1.77,22.37,2.668
325,1324,11408,60.31,12.61,1.79,22.54,2.676
326,1324,11434,60.30,12.61,1.79,22.58,2.671
327,1326,11442,60.80,12.61,1.80,22.67,2.682
328,1326,11468,61.03,12.61,1.79,22.55,2.706
329,1328,11477,61.10,12.61,1.78,22.44,2.723
330,1328,11485,61.60,12.61,1.78,22.41,2.748
331,1330,11502,61.60,12.61,1.80,22.67,2.718
332,1330,11520,61.96,12.61,1.81,22.85,2.712
333,1332,11528,62.27,12.61,1.79,22.62,2.752
334,1332,11554,62.37,12.61,1.80,22.70,2.747
335,1334,11614,62.75,12.61,1.80,22.71,2.763
336,1334,11674,62.95,12.61,1.82,22.90,2.749
337,1336,11700,62.89,12.61,1.82,22.90,2.746
338,1336,11717,63.30,12.61,1.82,22.96,2.757
339,1338,11734,63.69,12.61,1.81,22.82,2.791
340,1338,11742,64.24,12.61,1.81,22.82,2.815
341,1340,11760,64.05,12.61,1.85,23.36,2.742
342,1340,11760,64.25,12.61,1.85,23.38,2.748
343,1342,11760,64.72,12.61,1.83,23.12,2.799
344,1342,11768,64.88,12.61,1.83,23.03,2.817
345,1344,11768,65.38,12.61,1.83,23.02,2.841
346,1344,11760,65.23,12.61,1.83,23.14,2.819
347,1346,11777,65.17,12.61,1.84,23.22,2.806
348,1346,11802,65.62,12.61,1.87,23.53,2.789
349,1348,11828,65.52,12.61,1.86,23.49,2.789
350,1348,11845,66.03,12.61,1.86,23.52,2.807
351,1350,11880,66.38,12.61,1.86,23.47,2.828
352,1350,11905,66.32,12.61,1.87,23.55,2.817
353,1352,11905,66.52,12.61,1.87,23.54,2.826
354,1352,11922,66.22,12.61,1.87,23.63,2.802
355,1354,11957,66.47,12.61,1.86,23.44,2.835
356,1354,11957,66.55,12.61,1.86,23.44,2.840
357,1356,11957,66.32,12.61,1.88,23.73,2.795
358,1356,11974,66.55,12.61,1.90,23.91,2.783
359,1358,12000,66.90,12.61,1.89,23.88,2.801
360,1358,12042,66.99,12.61,1.89,23.88,2.805
361,1360,12085,67.66,12.61,1.89,23.81,2.841
362,1360,12085,67.50,12.61,1.89,23.85,2.830
363,1362,12145,67.63,12.61,1.90,23.98,2.821
364,1362,12180,67.84,12.61,1.90,23.98,2.829
365,1364,12188,67.72,12.61,1.90,24.01,2.820
366,1364,12197,68.34,12.61,1.93,24.28,2.815
367,1366,12222,68.14,12.61,1.90,24.02,2.837
368,1366,12257,68.49,12.61,1.93,24.30,2.819
369,1368,12274,68.77,12.61,1.92,24.16,2.847
370,1368,12300,68.70,12.61,1.92,24.15,2.845
371,1370,12334,69.08,12.61,1.92,24.24,2.849
372,1370,12342,69.41,12.61,1.94,24.49,2.835
373,1372,12368,69.22,12.61,1.93,24.35,2.842
374,1372,12402,69.85,12.61,1.93,24.39,2.864
375,1374,12428,69.83,12.61,1.94,24.44,2.857
376,1374,12445,70.27,12.61,1.95,24.64,2.851
377,1376,12471,70.53,12.61,1.93,24.40,2.891
378,1376,12480,70.55,12.61,1.95,24.61,2.867
379,1378,12488,71.18,12.61,1.97,24.80,2.870
380,1378,12505,71.04,12.61,1.96,24.72,2.874
381,1380,12540,71.43,12.61,1.95,24.64,2.899
382,1380,12557,71.72,12.61,1.95,24.61,2.915
383,1382,12574,71.69,12.61,1.96,24.76,2.896
384,1382,12582,72.24,12.61,1.98,24.92,2.899
385,1384,12600,72.06,12.61,1.96,24.69,2.918
386,1384,12625,71.87,12.61,1.97,24.82,2.896
387,1386,12660,72.35,12.61,2.02,25.50,2.837
388,1386,12677,72.90,12.61,2.01,25.31,2.880
389,1388,12711,73.26,12.61,2.02,25.46,2.878
390,1388,12711,73.44,12.61,1.94,24.45,3.003
391,1390,12728,73.33,12.61,1.96,24.76,2.961
392,1390,12737,73.71,12.61,2.01,25.30,2.914
393,1392,12728,73.59,12.61,1.98,24.99,2.945
394,1392,12720,73.91,12.61,1.95,24.54,3.011
395,1394,12720,74.04,12.61,1.96,24.76,2.990
396,1394,12745,73.56,12.61,1.99,25.07,2.935
397,1396,12762,74.00,12.61,2.04,25.78,2.871
398,1396,12780,74.08,12.61,2.03,25.56,2.898
399,1398,12822,74.31,12.61,2.07,26.04,2.853
400,1398,12865,74.72,12.60,2.05,25.83,2.893
401,1400,12900,75.16,12.61,2.04,25.70,2.924
402,1400,12925,75.86,12.61,2.06,25.93,2.926
403,1402,12934,75.96,12.61,2.04,25.76,2.949
404,1402,12968,76.12,12.60,2.03,25.58,2.976
405,1404,12968,76.43,12.61,2.05,25.83,2.959
406,1404,12994,76.12,12.61,2.05,25.87,2.942
407,1406,13002,76.52,12.60,2.04,25.66,2.982
408,1406,13020,77.09,12.61,2.06,26.02,2.962
409,1408,13028,77.04,12.61,2.07,26.04,2.958
410,1408,13037,77.53,12.61,2.06,25.96,2.987
411,1410,13045,77.61,12.61,2.08,26.17,2.965
412,1410,13080,78.06,12.60,2.10,26.44,2.953
413,1412,13097,78.43,12.61,2.08,26.20,2.993
414,1412,13131,78.39,12.61,2.08,26.25,2.987
415,1414,13131,78.22,12.61,2.08,26.25,2.980
416,1414,13122,78.44,12.60,2.09,26.36,2.975
417,1416,13157,79.12,12.61,2.09,26.37,3.000
418,1416,13174,79.34,12.61,2.09,26.31,3.015
419,1418,13191,79.19,12.61,2.10,26.53,2.985
420,1418,13217,79.66,12.61,2.15,27.05,2.945
421,1420,13285,79.93,12.61,2.09,26.33,3.035
422,1420,13294,80.05,12.61,2.08,26.22,3.053
423,1422,13285,80.65,12.61,2.10,26.45,3.049
424,1422,13294,80.33,12.61,2.11,26.56,3.024
425,1424,13302,80.87,12.61,2.12,26.67,3.032
426,1424,13320,81.16,12.60,2.12,26.75,3.034
427,1426,13371,80.78,12.61,2.14,26.99,2.993
428,1426,13371,81.28,12.61,2.15,27.05,3.005
429,1428,13405,81.58,12.61,2.15,27.13,3.007
430,1428,13405,81.84,12.61,2.17,27.30,2.998
431,1430,13431,82.58,12.60,2.15,27.15,3.042
432,1430,13465,82.46,12.61,2.17,27.34,3.016
433,1432,13465,83.19,12.61,2.16,27.17,3.062
434,1432,13491,83.55,12.60,2.17,27.35,3.055
435,1434,13517,83.56,12.61,2.18,27.50,3.039
436,1434,13525,83.97,12.61,2.20,27.74,3.027
437,1436,13542,83.88,12.61,2.17,27.36,3.066
438,1436,13568,84.23,12.61,2.17,27.41,3.073
439,1438,13594,84.31,12.61,2.20,27.72,3.042
440,1438,13620,84.58,12.61,2.21,27.82,3.040
441,1440,13620,85.53,12.61,2.20,27.77,3.079
442,1440,13662,85.56,12.61,2.20,27.73,3.086
443,1442,13671,85.42,12.61,2.19,27.56,3.100
444,1442,13671,85.69,12.60,2.20,27.67,3.096
445,1444,13688,85.83,12.61,2.21,27.87,3.079
446,1444,13688,86.31,12.61,2.21,27.86,3.098
447,1446,13697,86.16,12.60,2.21,27.87,3.091
448,1446,13731,86.17,12.61,2.24,28.17,3.058
449,1448,13740,86.71,12.61,2.26,28.54,3.038
450,1448,13800,86.87,12.61,2.28,28.77,3.019
451,1450,13825,87.69,12.60,2.29,28.82,3.043
452,1450,13877,88.19,12.60,2.23,28.10,3.138
453,1452,13945,88.58,12.60,2.21,27.88,3.178
454,1452,13902,88.72,12.61,2.24,28.22,3.143
455,1454,13902,88.41,12.61,2.22,28.02,3.155
456,1454,13911,88.46,12.60,2.24,28.25,3.131
457,1456,13937,88.87,12.60,2.23,28.15,3.156
458,1456,13945,88.93,12.60,2.23,28.15,3.159
459,1458,13971,89.47,12.60,2.24,28.28,3.164
460,1458,14005,89.30,12.61,2.27,28.66,3.115
461,1460,14014,89.80,12.61,2.30,28.99,3.097
462,1460,14005,90.31,12.60,2.32,29.24,3.088
463,1462,13997,90.45,12.61,2.32,29.20,3.098
464,1462,14022,91.19,12.60,2.32,29.25,3.118
465,1464,14074,91.50,12.60,2.32,29.18,3.135
466,1464,14108,92.05,12.60,2.33,29.36,3.135
467,1466,14134,92.73,12.61,2.33,29.41,3.153
468,1466,14168,92.85,12.61,2.33,29.43,3.155
469,1468,14185,93.08,12.60,2.33,29.34,3.173
470,1468,14211,93.40,12.60,2.33,29.34,3.183
471,1470,14262,93.42,12.60,2.34,29.55,3.162
472,1470,14280,94.15,12.60,2.38,29.94,3.145
473,1472,14314,94.56,12.60,2.38,30.02,3.150
474,1472,14357,95.36,12.60,2.38,29.97,3.182
475,1474,14400,95.31,12.61,2.35,29.62,3.218
476,1474,14417,95.19,12.60,2.36,29.77,3.198
477,1476,14434,95.72,12.60,2.39,30.10,3.180
478,1476,14451,95.64,12.61,2.39,30.15,3.172
479,1478,14477,95.99,12.60,2.37,29.90,3.210
480,1478,14502,96.33,12.61,2.41,30.33,3.176
481,1480,14520,96.34,12.60,2.39,30.11,3.200
482,1480,14537,97.04,12.60,2.40,30.24,3.208
483,1482,14545,97.15,12.60,2.42,30.43,3.193
484,1482,14571,97.22,12.60,2.41,30.37,3.201
485,1484,14588,98.00,12.61,2.42,30.55,3.208
486,1484,14605,98.17,12.60,2.43,30.58,3.211
487,1486,14657,98.76,12.60,2.42,30.42,3.246
488,1486,14674,98.59,12.60,2.43,30.68,3.213
489,1488,14691,98.65,12.60,2.44,30.72,3.211
490,1488,14717,99.18,12.60,2.45,30.83,3.217
491,1490,14734,99.11,12.60,2.44,30.68,3.230
492,1490,14751,99.12,12.60,2.45,30.91,3.206
493,1492,14768,99.81,12.60,2.46,31.03,3.217
494,1492,14820,100.07,12.60,2.49,31.43,3.184
495,1494,14845,100.44,12.60,2.48,31.30,3.209
496,1494,14854,101.02,12.60,2.48,31.24,3.233
497,1496,14880,101.14,12.60,2.49,31.40,3.221
498,1496,14914,101.62,12.60,2.52,31.70,3.206
499,1498,14957,101.52,12.60,2.51,31.64,3.208
500,1498,14982,102.26,12.61,2.49,31.34,3.263
501,1500,15008,102.47,12.60,2.49,31.40,3.263
502,1500,15017,102.56,12.60,2.51,31.58,3.248
503,1502,15025,102.99,12.61,2.51,31.69,3.250
504,1502,15042,102.96,12.61,2.53,31.86,3.232
505,1504,15068,103.26,12.60,2.53,31.86,3.241
506,1504,15085,103.63,12.60,2.54,32.07,3.231
507,1506,15111,103.54,12.60,2.54,31.97,3.239
508,1506,15137,104.25,12.60,2.54,32.06,3.251
509,1508,15162,104.52,12.61,2.56,32.28,3.238
510,1508,15197,104.88,12.60,2.57,32.44,3.233
511,1510,15240,105.32,12.60,2.60,32.78,3.213
512,1510,15308,105.54,12.60,2.59,32.64,3.234
513,1512,15300,106.37,12.60,2.55,32.16,3.307
514,1512,15308,106.81,12.60,2.58,32.49,3.288
515,1514,15325,107.01,12.60,2.58,32.47,3.296
516,1514,15342,107.47,12.60,2.59,32.63,3.293
517,1516,15360,107.18,12.61,2.59,32.64,3.284
518,1516,15368,107.63,12.60,2.60,32.77,3.284
519,1518,15394,108.12,12.60,2.60,32.79,3.297
520,1518,15420,108.23,12.60,2.59,32.69,3.310
521,1520,15437,108.57,12.60,2.60,32.82,3.308
522,1520,15454,108.75,12.60,2.63,33.14,3.281
523,1522,15471,109.08,12.60,2.64,33.23,3.282
524,1522,15497,109.72,12.60,2.62,33.05,3.320
525,1524,15514,109.51,12.60,2.63,33.16,3.302
526,1524,15522,110.04,12.60,2.64,33.21,3.313
527,1526,15531,110.52,12.60,2.63,33.12,3.337
528,1526,15557,110.22,12.60,2.63,33.10,3.329
529,1528,15574,110.75,12.60,2.62,33.07,3.350
530,1528,15582,110.64,12.60,2.62,33.05,3.348
531,1530,15591,110.97,12.60,2.65,33.36,3.327
532,1530,15600,110.97,12.60,2.67,33.60,3.303
533,1532,15608,111.16,12.61,2.66,33.50,3.318
534,1532,15634,111.65,12.60,2.65,33.33,3.350
535,1534,15651,111.84,12.60,2.64,33.24,3.365
536,1534,15660,112.18,12.60,2.66,33.56,3.342
537,1536,15685,112.31,12.60,2.68,33.73,3.330
538,1536,15685,112.43,12.60,2.68,33.75,3.331
539,1538,15702,113.08,12.60,2.69,33.91,3.335
540,1538,15711,113.27,12.60,2.70,34.07,3.325
541,1540,15745,113.13,12.60,2.70,34.06,3.322
542,1540,15762,113.81,12.60,2.72,34.25,3.323
543,1542,15780,114.09,12.60,2.71,34.16,3.340
544,1542,15814,114.59,12.60,2.71,34.14,3.356
545,1544,15831,114.69,12.60,2.71,34.12,3.361
546,1544,15822,114.69,12.60,2.72,34.27,3.347
547,1546,15840,114.94,12.60,2.73,34.39,3.342
548,1546,15874,115.17,12.60,2.75,34.68,3.321
549,1548,15882,115.30,12.60,2.75,34.62,3.330
550,1548,15891,115.98,12.60,2.75,34.60,3.352
551,1550,15925,116.28,12.60,2.74,34.57,3.363
552,1550,15951,116.61,12.60,2.77,34.85,3.346
553,1552,15968,116.45,12.60,2.77,34.87,3.340
554,1552,15994,117.09,12.60,2.78,35.01,3.344
555,1554,16054,117.69,12.60,2.77,34.88,3.374
556,1554,16088,117.62,12.60,2.77,34.88,3.373
557,1556,16088,118.13,12.60,2.78,35.02,3.373
558,1556,16097,118.55,12.60,2.78,35.07,3.380
559,1558,16114,118.70,12.60,2.78,35.09,3.383
560,1558,16105,119.12,12.60,2.80,35.23,3.381
561,1560,16122,119.06,12.60,2.80,35.32,3.371
562,1560,16140,119.37,12.60,2.81,35.35,3.377
563,1562,16148,120.01,12.60,2.82,35.49,3.382
564,1562,16174,120.14,12.60,2.82,35.58,3.377
565,1564,16217,120.62,12.60,2.83,35.59,3.389
566,1564,16242,120.77,12.60,2.82,35.50,3.402
567,1566,16268,121.07,12.60,2.84,35.73,3.388
568,1566,16268,121.02,12.60,2.83,35.61,3.399
569,1568,16251,120.84,12.60,2.84,35.73,3.382
570,1568,16277,121.64,12.60,2.85,35.84,3.394
571,1570,16320,121.84,12.60,2.85,35.92,3.393
572,1570,16354,122.03,12.60,2.86,36.01,3.389
573,1572,16397,122.96,12.60,2.87,36.13,3.403
574,1572,16405,122.84,12.59,2.88,36.25,3.389
575,1574,16448,123.34,12.60,2.89,36.41,3.387
576,1574,16474,123.53,12.60,2.88,36.33,3.401
577,1576,16491,123.54,12.60,2.88,36.22,3.411
578,1576,16525,124.04,12.60,2.89,36.39,3.408
579,1578,16534,124.12,12.60,2.90,36.51,3.399
580,1578,16534,124.89,12.60,2.92,36.73,3.400
581,1580,16577,125.69,12.60,2.91,36.72,3.423
582,1580,16602,125.67,12.60,2.91,36.69,3.425
583,1582,16611,126.03,12.60,2.92,36.77,3.427
584,1582,16620,126.03,12.60,2.93,36.92,3.413
585,1584,16645,126.12,12.60,2.94,37.01,3.407
586,1584,16645,126.50,12.60,2.94,36.97,3.422
587,1586,16671,126.57,12.59,2.95,37.18,3.404
588,1586,16697,127.50,12.60,2.95,37.12,3.435
589,1588,16714,127.59,12.60,2.94,37.11,3.438
590,1588,16740,127.66,12.60,2.96,37.35,3.418
591,1590,16765,127.86,12.60,2.97,37.38,3.420
592,1590,16782,127.94,12.60,2.97,37.38,3.423
593,1592,16791,128.44,12.60,2.97,37.37,3.437
594,1592,16817,128.54,12.60,2.98,37.53,3.425
595,1594,16851,128.55,12.60,2.99,37.72,3.408
596,1594,16877,129.11,12.60,3.01,37.92,3.405
597,1596,16894,129.37,12.60,3.00,37.82,3.421
598,1596,16937,129.58,12.60,3.05,38.38,3.376
599,1598,16954,130.27,12.60,3.06,38.49,3.384
600,1598,16971,130.66,12.60,3.05,38.39,3.404
601,1600,16971,131.43,12.60,3.05,38.38,3.425
602,1600,16997,131.19,12.60,3.03,38.22,3.432
603,1602,17014,131.22,12.60,3.03,38.16,3.438
604,1602,17040,131.66,12.60,3.08,38.75,3.398
605,1604,17057,131.34,12.60,3.09,38.89,3.377
606,1604,17074,132.30,12.60,3.05,38.43,3.442
607,1606,17091,132.33,12.60,3.06,38.54,3.434
608,1606,17117,131.90,12.60,3.10,39.10,3.373
609,1608,17117,132.23,12.59,3.09,38.95,3.394
610,1608,17125,132.53,12.60,3.07,38.61,3.432
611,1610,17142,132.63,12.60,3.08,38.76,3.422
612,1610,17125,132.87,12.60,3.09,38.94,3.412
613,1612,17125,132.45,12.60,3.12,39.32,3.368
614,1612,17125,132.38,12.60,3.15,39.69,3.335
615,1614,17117,132.76,12.59,3.17,39.98,3.321
616,1614,17125,132.58,12.60,3.20,40.29,3.291
617,1616,17134,133.01,12.60,3.21,40.38,3.294
618,1616,17142,133.06,12.59,3.24,40.74,3.266
619,1618,17168,133.36,12.59,3.25,40.87,3.263
620,1618,17211,134.27,12.60,3.25,40.93,3.280
621,1620,17245,134.52,12.60,3.26,41.12,3.271
622,1620,17280,135.21,12.60,3.28,41.26,3.277
623,1622,17314,135.78,12.60,3.28,41.36,3.283
624,1622,17357,136.11,12.59,3.30,41.54,3.276
625,1624,17408,136.72,12.59,3.29,41.46,3.297
626,1624,17442,137.09,12.59,3.29,41.40,3.311
627,1626,17477,137.75,12.59,3.30,41.52,3.318
628,1626,17502,138.22,12.60,3.29,41.49,3.331
629,1628,17545,138.47,12.60,3.28,41.33,3.350
630,1628,17554,139.62,12.60,3.29,41.40,3.372
631,1630,17580,139.48,12.60,3.29,41.48,3.362
632,1630,17597,140.03,12.59,3.31,41.67,3.360
633,1632,17622,140.60,12.60,3.30,41.57,3.383
634,1632,17640,140.92,12.59,3.31,41.72,3.378
635,1634,17665,141.56,12.60,3.30,41.60,3.403
636,1634,17691,141.81,12.60,3.29,41.49,3.418
637,1636,17725,142.07,12.59,3.31,41.68,3.409
638,1636,17760,142.23,12.59,3.31,41.72,3.409
639,1638,17785,142.41,12.60,3.32,41.80,3.407
640,1638,17802,143.20,12.59,3.34,42.07,3.404
641,1640,17802,143.64,12.60,3.36,42.32,3.394
642,1640,17820,143.45,12.59,3.33,41.90,3.424
643,1642,17845,144.50,12.59,3.32,41.83,3.455
644,1642,17871,144.19,12.59,3.34,42.06,3.429
645,1644,17880,144.86,12.60,3.35,42.15,3.437
646,1644,17914,145.06,12.59,3.36,42.28,3.431
647,1646,17974,144.97,12.59,3.36,42.37,3.421
648,1646,17974,145.66,12.60,3.36,42.34,3.440
649,1648,17991,145.87,12.59,3.36,42.33,3.446
650,1648,17982,146.43,12.59,3.37,42.46,3.448
651,1650,18017,146.87,12.59,3.36,42.34,3.469
652,1650,18025,146.81,12.59,3.38,42.56,3.449
653,1652,18060,146.93,12.59,3.38,42.54,3.454
654,1652,18068,147.12,12.59,3.40,42.81,3.436
655,1654,18085,147.49,12.59,3.41,42.97,3.433
656,1654,18094,148.44,12.59,3.41,42.95,3.456
657,1656,18128,148.50,12.59,3.42,43.11,3.445
658,1656,18154,148.94,12.59,3.44,43.33,3.438
659,1658,18171,149.00,12.59,3.43,43.21,3.448
660,1658,18180,149.35,12.59,3.41,42.96,3.477
661,1660,18197,150.13,12.59,3.42,43.08,3.485
662,1660,18205,149.94,12.59,3.43,43.23,3.468
663,1662,18222,150.27,12.59,3.44,43.36,3.466
664,1662,18240,150.12,12.59,3.45,43.41,3.458
665,1664,18248,150.64,12.59,3.45,43.43,3.469
666,1664,18282,151.21,12.59,3.46,43.60,3.468
667,1666,18300,151.18,12.60,3.47,43.76,3.455
668,1666,18325,151.67,12.59,3.47,43.64,3.476
669,1668,18342,151.95,12.59,3.47,43.68,3.479
670,1668,18351,152.12,12.59,3.49,43.99,3.458
671,1670,18368,152.59,12.59,3.51,44.16,3.455
672,1670,18402,152.79,12.59,3.51,44.26,3.452
673,1672,18428,153.19,12.59,3.52,44.27,3.461
674,1672,18454,153.58,12.59,3.52,44.29,3.467
675,1674,18454,153.65,12.59,3.50,44.04,3.489
676,1674,18471,153.95,12.59,3.52,44.33,3.473
677,1676,18497,154.21,12.59,3.53,44.50,3.465
678,1676,18514,154.69,12.59,3.53,44.52,3.475
679,1678,18540,155.23,12.59,3.54,44.57,3.483
680,1678,18557,155.50,12.59,3.57,44.93,3.461
681,1680,18582,156.11,12.59,3.56,44.78,3.486
682,1680,18600,156.26,12.59,3.57,44.95,3.476
683,1682,18608,156.17,12.59,3.57,44.91,3.477
684,1682,18625,156.78,12.59,3.57,44.94,3.489
685,1684,18642,156.66,12.59,3.58,45.05,3.478
686,1684,18660,157.07,12.59,3.59,45.27,3.469
687,1686,18685,157.59,12.59,3.60,45.32,3.477
688,1686,18694,157.83,12.59,3.60,45.34,3.481
689,1688,18728,158.21,12.59,3.62,45.53,3.475
690,1688,18745,158.34,12.59,3.62,45.55,3.477
691,1690,18780,158.36,12.59,3.60,45.38,3.490
692,1690,18788,159.05,12.59,3.61,45.47,3.498
693,1692,18797,159.01,12.59,3.61,45.48,3.497
694,1692,18814,159.57,12.59,3.63,45.74,3.489
695,1694,18831,159.84,12.59,3.65,45.89,3.484
696,1694,18857,160.22,12.59,3.66,46.15,3.472
697,1696,18874,160.66,12.59,3.65,45.96,3.496
698,1696,18900,160.69,12.59,3.67,46.15,3.482
699,1698,18917,161.06,12.59,3.68,46.38,3.472
700,1698,18934,161.06,12.59,3.68,46.35,3.475
701,1700,18951,161.19,12.59,3.70,46.63,3.457
702,1700,18968,161.75,12.59,3.70,46.52,3.477
703,1702,18994,162.01,12.59,3.70,46.58,3.478
704,1702,19002,161.85,12.59,3.71,46.73,3.464
705,1704,19045,162.32,12.59,3.72,46.84,3.465
706,1704,19071,162.26,12.59,3.71,46.74,3.471
707,1706,19088,162.96,12.59,3.71,46.66,3.493
708,1706,19097,162.99,12.59,3.70,46.54,3.502
709,1708,19105,162.79,12.59,3.68,46.31,3.515
710,1708,19105,163.47,12.59,3.69,46.41,3.523
711,1710,19105,163.19,12.59,3.68,46.38,3.519
712,1710,19097,163.07,12.59,3.69,46.46,3.510
713,1712,19105,163.19,12.59,3.73,46.91,3.479
714,1712,19140,163.22,12.59,3.77,47.48,3.437
715,1714,19191,163.90,12.59,3.79,47.71,3.435
716,1714,19208,164.37,12.59,3.81,47.93,3.429
717,1716,19234,165.06,12.59,3.81,48.00,3.438
718,1716,19260,165.62,12.59,3.81,47.98,3.452
719,1718,19285,165.50,12.59,3.80,47.87,3.457
720,1718,19311,166.45,12.59,3.82,48.15,3.457
721,1720,19320,166.96,12.59,3.81,48.01,3.478
722,1720,19337,167.28,12.59,3.81,48.00,3.485
723,1722,19354,167.62,12.59,3.82,48.11,3.484
724,1722,19397,167.31,12.59,3.84,48.37,3.459
725,1724,19405,167.81,12.59,3.85,48.41,3.467
726,1724,19422,168.62,12.59,3.86,48.63,3.468
727,1726,19448,169.13,12.59,3.87,48.77,3.468
728,1726,19474,169.58,12.59,3.87,48.75,3.479
729,1728,19491,169.97,12.59,3.86,48.61,3.496
730,1728,19491,170.39,12.59,3.89,48.92,3.483
731,1730,19525,170.61,12.59,3.89,49.04,3.479
732,1730,19560,170.49,12.59,3.92,49.30,3.458
733,1732,19577,171.27,12.59,3.91,49.28,3.476
734,1732,19594,171.85,12.59,3.91,49.21,3.492
735,1734,19611,172.40,12.59,3.92,49.33,3.495
736,1734,19628,172.98,12.59,3.94,49.62,3.486
737,1736,19654,172.81,12.59,3.94,49.62,3.482
738,1736,19662,173.46,12.59,3.96,49.85,3.480
739,1738,19688,174.01,12.59,3.95,49.78,3.496
740,1738,19697,174.33,12.59,3.96,49.81,3.500
741,1740,19705,174.81,12.59,3.97,49.92,3.502
742,1740,19740,174.84,12.59,3.98,50.06,3.493
743,1742,19757,175.54,12.59,3.98,50.04,3.508
744,1742,19800,175.79,12.59,4.02,50.61,3.474
745,1744,19834,175.68,12.59,4.02,50.56,3.475
746,1744,19842,176.68,12.59,4.01,50.45,3.502
747,1746,19842,177.12,12.59,4.02,50.60,3.500
748,1746,19877,177.20,12.59,4.03,50.75,3.491
749,1748,19902,178.14,12.59,4.02,50.65,3.517
750,1748,19902,178.37,12.59,4.04,50.80,3.511
751,1750,19902,178.94,12.59,4.04,50.88,3.517
752,1750,19937,178.97,12.59,4.05,50.92,3.515
753,1752,19954,179.01,12.59,4.05,51.02,3.509
754,1752,19962,179.63,12.59,4.08,51.33,3.499
755,1754,19997,179.86,12.59,4.08,51.35,3.502
756,1754,20005,180.38,12.59,4.08,51.34,3.514
757,1756,20022,180.62,12.59,4.08,51.33,3.519
758,1756,20048,180.82,12.59,4.09,51.49,3.512
759,1758,20057,181.56,12.59,4.10,51.64,3.516
760,1758,20065,181.39,12.59,4.09,51.55,3.519
761,1760,20091,181.47,12.58,4.11,51.69,3.511
762,1760,20117,182.11,12.59,4.13,52.02,3.501
763,1762,20142,182.42,12.59,4.13,52.05,3.505
764,1762,20160,183.20,12.59,4.15,52.28,3.504
765,1764,20194,183.38,12.58,4.16,52.33,3.504
766,1764,20211,183.74,12.59,4.16,52.38,3.508
767,1766,20237,184.10,12.59,4.16,52.41,3.513
768,1766,20245,184.25,12.59,4.17,52.50,3.510
769,1768,20271,184.66,12.59,4.19,52.70,3.504
770,1768,20288,185.44,12.58,4.21,52.93,3.503
771,1770,20305,185.72,12.59,4.20,52.80,3.517
772,1770,20314,186.14,12.58,4.18,52.61,3.538
773,1772,20340,186.11,12.59,4.20,52.90,3.518
774,1772,20365,186.38,12.58,4.24,53.32,3.495
775,1774,20391,186.76,12.59,4.23,53.27,3.506
776,1774,20400,187.09,12.59,4.18,52.66,3.553
777,1776,20425,187.95,12.59,4.18,52.59,3.574
778,1776,20442,187.77,12.59,4.26,53.58,3.504
779,1778,20451,188.05,12.59,4.29,53.96,3.485
780,1778,20477,189.14,12.59,4.31,54.28,3.485
781,1780,20494,189.25,12.58,4.30,54.08,3.500
782,1780,20520,189.84,12.58,4.29,54.05,3.512
783,1782,20537,190.19,12.59,4.29,53.99,3.523
784,1782,20554,190.61,12.58,4.32,54.33,3.508
785,1784,20588,191.12,12.58,4.32,54.36,3.516
786,1784,20597,191.42,12.58,4.34,54.59,3.507
787,1786,20614,191.64,12.59,4.34,54.63,3.508
788,1786,20631,192.25,12.59,4.34,54.66,3.517
789,1788,20648,192.27,12.59,4.36,54.87,3.504
790,1788,20682,192.73,12.58,4.37,55.03,3.502
791,1790,20700,193.06,12.58,4.38,55.05,3.507
792,1790,20734,193.02,12.59,4.40,55.34,3.488
793,1792,20742,194.20,12.58,4.40,55.39,3.506
794,1792,20760,194.25,12.58,4.40,55.40,3.507
795,1794,20777,194.93,12.59,4.41,55.45,3.515
796,1794,20811,195.30,12.58,4.43,55.73,3.505
797,1796,20828,195.23,12.58,4.43,55.70,3.505
798,1796,20828,196.10,12.58,4.42,55.61,3.526
799,1798,20854,196.31,12.59,4.43,55.73,3.523
800,1798,20880,196.47,12.58,4.44,55.86,3.517
801,1800,20888,196.77,12.59,4.46,56.12,3.506
802,1800,20905,197.00,12.58,4.48,56.42,3.492
803,1802,20940,197.68,12.58,4.49,56.50,3.499
804,1802,20948,197.81,12.58,4.50,56.58,3.496
805,1804,20965,198.38,12.58,4.49,56.53,3.509
806,1804,20991,198.80,12.58,4.50,56.67,3.508
807,1806,21017,199.00,12.58,4.51,56.73,3.508
808,1806,21060,199.73,12.58,4.52,56.89,3.511
809,1808,21068,200.02,12.58,4.52,56.83,3.520
810,1808,21060,200.03,12.58,4.53,56.96,3.512
811,1810,21068,200.92,12.58,4.53,56.98,3.526
812,1810,21094,200.81,12.59,4.55,57.24,3.508
813,1812,21120,201.23,12.58,4.56,57.31,3.511
814,1812,21137,201.66,12.58,4.57,57.45,3.510
815,1814,21162,201.86,12.59,4.58,57.58,3.506
816,1814,21188,202.72,12.58,4.58,57.67,3.515
817,1816,21197,202.65,12.58,4.60,57.85,3.503
818,1816,21214,202.65,12.58,4.61,57.98,3.495
819,1818,21231,203.51,12.58,4.62,58.12,3.502
820,1818,21257,203.91,12.58,4.61,58.02,3.514
821,1820,21265,204.38,12.58,4.61,58.03,3.522
822,1820,21300,204.55,12.58,4.63,58.30,3.509
823,1822,21317,204.90,12.58,4.66,58.56,3.499
824,1822,21342,205.38,12.58,4.66,58.60,3.505
825,1824,21342,205.27,12.58,4.66,58.61,3.502
826,1824,21368,205.62,12.58,4.67,58.72,3.501
827,1826,21394,206.25,12.58,4.67,58.70,3.514
828,1826,21394,206.83,12.58,4.69,58.99,3.506
829,1828,21411,207.22,12.58,4.70,59.12,3.505
830,1828,21428,207.12,12.58,4.71,59.20,3.498
831,1830,21454,207.83,12.58,4.71,59.27,3.507
832,1830,21471,208.16,12.59,4.72,59.40,3.505
833,1832,21480,207.87,12.58,4.72,59.37,3.502
834,1832,21497,208.56,12.58,4.75,59.77,3.490
835,1834,21522,209.06,12.58,4.75,59.72,3.500
836,1834,21531,209.40,12.58,4.75,59.70,3.508
837,1836,21548,209.77,12.58,4.76,59.87,3.504
838,1836,21565,209.38,12.58,4.78,60.11,3.483
839,1838,21582,209.80,12.58,4.77,59.98,3.498
840,1838,21600,210.70,12.58,4.79,60.22,3.499
841,1840,21617,210.90,12.58,4.79,60.26,3.500
842,1840,21642,211.83,12.58,4.80,60.42,3.506
843,1842,21642,211.74,12.58,4.81,60.48,3.501
844,1842,21685,212.25,12.58,4.83,60.75,3.494
845,1844,21702,212.51,12.58,4.84,60.91,3.489
846,1844,21702,212.59,12.58,4.86,61.12,3.478
847,1846,21728,212.88,12.58,4.86,61.10,3.484
848,1846,21745,212.91,12.58,4.86,61.09,3.485
849,1848,21814,213.78,12.58,4.86,61.16,3.495
850,1848,21831,213.95,12.57,4.90,61.60,3.473
851,1850,21780,214.16,12.58,4.91,61.70,3.471
852,1850,21840,215.24,12.58,4.88,61.34,3.509
853,1852,21840,215.16,12.58,4.86,61.18,3.517
854,1852,21822,214.89,12.58,4.87,61.30,3.506
855,1854,21874,215.32,12.58,4.87,61.30,3.512
856,1854,21882,215.39,12.58,4.89,61.54,3.500
857,1856,21908,215.83,12.58,4.91,61.80,3.492
858,1856,21934,216.01,12.58,4.96,62.33,3.466
859,1858,21934,215.97,12.58,4.95,62.28,3.468
860,1858,21960,216.83,12.58,4.99,62.74,3.456
861,1860,21977,217.17,12.58,4.99,62.74,3.461
862,1860,21994,217.78,12.58,5.01,63.01,3.456
863,1862,22011,218.11,12.58,5.01,63.01,3.462
864,1862,22028,218.75,12.58,5.01,63.07,3.469
865,1864,22045,219.49,12.58,5.01,63.07,3.480
866,1864,22071,219.69,12.58,5.03,63.27,3.472
867,1866,22088,219.94,12.58,5.04,63.39,3.470
868,1866,22105,220.33,12.58,5.05,63.57,3.466
869,1868,22122,220.57,12.58,5.05,63.60,3.468
870,1868,22148,220.91,12.58,5.06,63.61,3.473
871,1870,22157,221.31,12.58,5.07,63.77,3.470
872,1870,22174,221.56,12.57,5.09,63.97,3.463
873,1872,22191,222.08,12.58,5.09,64.00,3.470
874,1872,22217,222.06,12.58,5.10,64.16,3.461
875,1874,22217,222.33,12.58,5.10,64.15,3.466
876,1874,22242,223.01,12.57,5.13,64.47,3.459
877,1876,22268,223.41,12.58,5.14,64.62,3.458
878,1876,22285,224.18,12.58,5.16,64.92,3.453
879,1878,22328,224.31,12.58,5.16,64.86,3.458
880,1878,22328,224.86,12.58,5.16,64.94,3.463
881,1880,22337,225.48,12.58,5.16,64.94,3.472
882,1880,22362,225.41,12.58,5.19,65.25,3.454
883,1882,22380,226.07,12.57,5.19,65.31,3.461
884,1882,22397,226.60,12.58,5.21,65.47,3.461
885,1884,22431,226.97,12.58,5.22,65.70,3.455
886,1884,22448,227.72,12.58,5.23,65.79,3.462
887,1886,22482,227.93,12.58,5.23,65.78,3.465
888,1886,22482,228.00,12.58,5.25,66.03,3.453
889,1888,22500,228.23,12.58,5.24,65.91,3.463
890,1888,22517,228.59,12.57,5.25,65.98,3.464
891,1890,22542,228.84,12.58,5.26,66.13,3.460
892,1890,22551,229.13,12.58,5.28,66.45,3.448
893,1892,22568,229.26,12.58,5.31,66.84,3.430
894,1892,22594,230.03,12.58,5.34,67.18,3.424
895,1894,22611,230.61,12.57,5.32,66.86,3.449
896,1894,22620,231.58,12.58,5.32,66.97,3.458
897,1896,22645,231.72,12.57,5.32,66.94,3.462
898,1896,22654,232.06,12.57,5.34,67.14,3.457
899,1898,22680,232.90,12.57,5.36,67.42,3.454
900,1898,22705,232.81,12.58,5.38,67.62,3.443
901,1900,22722,233.28,12.57,5.37,67.56,3.453
902,1900,22765,233.65,12.57,5.39,67.73,3.450
903,1902,22774,233.68,12.57,5.39,67.75,3.449
904,1902,22782,234.45,12.57,5.41,68.05,3.445
905,1904,22800,234.46,12.57,5.41,68.00,3.448
906,1904,22842,235.24,12.57,5.42,68.10,3.454
907,1906,22868,235.62,12.58,5.42,68.18,3.456
908,1906,22911,235.63,12.57,5.45,68.51,3.439
909,1908,22920,236.31,12.57,5.47,68.78,3.436
910,1908,22928,236.64,12.57,5.50,69.09,3.425
911,1910,22954,236.78,12.57,5.49,69.02,3.431
912,1910,22962,237.81,12.57,5.50,69.12,3.440
913,1912,22971,238.31,12.57,5.50,69.16,3.446
914,1912,22997,238.87,12.58,5.52,69.44,3.440
915,1914,23022,239.03,12.57,5.52,69.43,3.443
916,1914,23031,239.09,12.57,5.56,69.94,3.419
917,1916,23074,239.87,12.57,5.56,69.93,3.430
918,1916,23082,240.05,12.57,5.57,69.99,3.430
919,1918,23100,240.89,12.57,5.58,70.12,3.435
920,1918,23117,241.22,12.57,5.59,70.23,3.435
921,1920,23142,241.05,12.57,5.58,70.13,3.437
922,1920,23160,241.81,12.57,5.61,70.56,3.427
923,1922,23202,242.01,12.57,5.62,70.67,3.425
924,1922,23228,242.55,12.57,5.64,70.85,3.424
925,1924,23237,243.27,12.57,5.64,70.93,3.430
926,1924,23254,243.60,12.57,5.67,71.35,3.414
927,1926,23271,244.50,12.57,5.69,71.46,3.422
928,1926,23297,244.42,12.57,5.68,71.45,3.421
929,1928,23322,244.98,12.57,5.68,71.47,3.428
930,1928,23331,245.76,12.57,5.71,71.71,3.427
931,1930,23348,245.94,12.57,5.72,71.85,3.423
932,1930,23382,246.20,12.57,5.74,72.09,3.415
933,1932,23400,246.91,12.57,5.75,72.23,3.418
934,1932,23425,247.16,12.57,5.75,72.35,3.416
935,1934,23468,247.88,12.57,5.76,72.40,3.424
936,1934,23468,247.99,12.57,5.78,72.67,3.412
937,1936,23494,248.48,12.57,5.78,72.65,3.420
938,1936,23494,249.12,12.57,5.83,73.22,3.402
939,1938,23528,249.43,12.57,5.83,73.29,3.403
940,1938,23537,250.16,12.57,5.84,73.38,3.409
941,1940,23562,250.59,12.57,5.84,73.41,3.414
942,1940,23580,251.15,12.57,5.88,73.88,3.399
943,1942,23614,251.34,12.57,5.87,73.73,3.409
944,1942,23648,251.59,12.57,5.89,74.07,3.397
945,1944,23674,252.39,12.57,5.88,73.88,3.416
946,1944,23682,252.50,12.57,5.89,74.09,3.408
947,1946,23682,252.96,12.57,5.92,74.43,3.399
948,1946,23717,253.32,12.57,5.93,74.56,3.398
949,1948,23742,253.87,12.57,5.93,74.53,3.406
950,1948,23742,254.62,12.57,5.93,74.49,3.418
951,1950,23751,254.89,12.57,5.95,74.79,3.408
952,1950,23777,255.11,12.56,5.97,74.99,3.402
953,1952,23802,255.76,12.57,5.99,75.22,3.400
954,1952,23811,256.16,12.57,6.00,75.35,3.399
955,1954,23854,256.62,12.57,6.01,75.60,3.394
956,1954,23871,257.02,12.57,6.02,75.68,3.396
957,1956,23888,257.39,12.57,6.02,75.62,3.404
958,1956,23905,258.34,12.57,6.04,75.89,3.404
959,1958,23914,258.66,12.57,6.06,76.15,3.397
960,1958,23948,258.76,12.56,6.07,76.27,3.393
961,1960,23974,259.23,12.57,6.08,76.36,3.395
962,1960,23991,259.43,12.57,6.09,76.48,3.392
963,1962,23991,260.29,12.57,6.09,76.50,3.402
964,1962,24017,260.29,12.56,6.10,76.58,3.399
965,1964,24017,260.45,12.57,6.10,76.70,3.396
966,1964,24034,261.28,12.57,6.13,77.00,3.394
967,1966,24042,261.64,12.57,6.14,77.18,3.390
968,1966,24085,262.14,12.56,6.18,77.60,3.378
969,1968,24137,262.49,12.56,6.20,77.91,3.369
970,1968,24154,262.88,12.56,6.24,78.40,3.353
971,1970,24180,264.13,12.57,6.25,78.53,3.364
972,1970,24205,264.55,12.57,6.22,78.14,3.385
973,1972,24205,264.65,12.56,6.20,77.82,3.401
974,1972,24231,265.12,12.56,6.19,77.82,3.407
975,1974,24231,265.50,12.56,6.23,78.21,3.394
976,1974,24274,265.33,12.57,6.28,78.93,3.362
977,1976,24291,266.06,12.56,6.31,79.26,3.357
978,1976,24317,266.76,12.56,6.32,79.40,3.360
979,1978,24342,267.63,12.56,6.33,79.51,3.366
980,1978,24377,267.64,12.56,6.36,79.85,3.352
981,1980,24394,267.52,12.56,6.35,79.80,3.352
982,1980,24402,268.49,12.56,6.35,79.75,3.367
983,1982,24420,269.06,12.56,6.36,79.88,3.369
984,1982,24445,269.48,12.57,6.38,80.17,3.361
985,1984,24462,269.79,12.56,6.38,80.19,3.365
986,1984,24480,270.42,12.56,6.41,80.55,3.357
987,1986,24514,271.10,12.56,6.43,80.71,3.359
988,1986,24548,270.87,12.57,6.46,81.18,3.336
989,1988,24565,271.34,12.56,6.48,81.36,3.335
990,1988,24574,272.61,12.56,6.48,81.34,3.351
991,1990,24600,273.01,12.56,6.47,81.23,3.361
992,1990,24608,273.92,12.56,6.46,81.21,3.373
993,1992,24642,273.81,12.56,6.53,81.98,3.340
994,1992,24771,274.34,12.56,6.80,85.40,3.212
995,1994,24848,275.32,12.56,6.85,86.09,3.198
996,1994,24908,277.52,12.56,6.82,85.67,3.240
997,1996,24960,280.42,12.56,6.76,84.92,3.302
998,1996,24968,281.27,12.56,6.72,84.41,3.332
999,1998,24994,282.09,12.56,6.68,83.90,3.362
1000,1998,25002,282.31,12.56,6.66,83.66,3.375
1001,2000,25011,282.00,12.56,6.65,83.53,3.376
1002,2000,25002,282.26,12.56,6.65,83.47,3.381
1003,2000,25011,282.71,12.56,6.65,83.47,3.387
1004,2000,25011,282.57,12.56,6.64,83.40,3.388
1005,2000,25011,282.79,12.56,6.64,83.43,3.390
1006,2000,25011,282.59,12.56,6.63,83.28,3.393
1007,2000,25011,282.66,12.56,6.64,83.36,3.391
1008,2000,25002,282.74,12.56,6.63,83.31,3.394
1009,2000,24994,282.80,12.56,6.64,83.40,3.391
1010,2000,24994,283.43,12.56,6.64,83.42,3.398
1011,2000,25002,282.89,12.56,6.64,83.46,3.389
1012,2000,25002,282.66,12.56,6.64,83.48,3.386
1013,2000,25002,282.70,12.56,6.65,83.47,3.387
1014,2000,25011,282.77,12.56,6.64,83.37,3.392
1015,2000,25002,282.57,12.56,6.64,83.38,3.389
1016,2000,25002,282.75,12.56,6.63,83.26,3.396
1017,2000,25002,282.41,12.56,6.63,83.27,3.392
1018,2000,24985,282.98,12.56,6.63,83.30,3.397
1019,2000,25011,282.70,12.56,6.64,83.45,3.388
1020,2000,25002,283.06,12.56,6.63,83.28,3.399
1021,2000,25002,282.92,12.56,6.64,83.39,3.393
1022,2000,24994,283.01,12.56,6.64,83.45,3.392
1023,2000,25002,283.29,12.56,6.64,83.36,3.398
1024,2000,24994,283.24,12.56,6.64,83.45,3.394
1025,2000,24994,282.97,12.56,6.63,83.30,3.397
1026,2000,24994,282.97,12.56,6.64,83.47,3.390
1027,2000,24994,282.84,12.56,6.64,83.42,3.391
1028,2000,24994,283.14,12.56,6.64,83.44,3.393
1029,2000,24994,282.79,12.56,6.63,83.30,3.395
1030,2000,24994,282.55,12.56,6.63,83.31,3.392
1031,2000,25002,282.64,12.56,6.64,83.47,3.386
